1000_g	1	0	57	2	1	0
1001_g	0	0	68	1	0	0
1002_g	537860	193	164	32113	54837	0
1003_g	10	0	315	1	2	0
1004_g	4	5	158	23	52	0
1005_g	537	488	394	352	299	0
1006_g	4	0	91	2	10	0
1007_g	0	0	6	0	0	0
1008_g	0	0	40	19	63	0
1009_g	3	0	45	3	19	0
100_g	0	0	1	0	0	0
1010_g	6	0	91	551	1358	0
1011_g	3	2	88	310	352	0
1012_g	19	8	189	32	50	0
1013_g	1	0	68	0	1	0
1014_g	121	160	58	2032	2010	0
1015_g	45	51	17	825	853	0
1016_g	1	0	94	2	1	0
1017_g	15	14	79	27	19	0
1018_g	0	0	13	0	0	0
1019_g	1	0	43	0	1	0
101_g	0	0	10	0	1	0
1020_g	0	0	40	1	0	0
1021_g	47	124	79	36	36	0
1022_g	61	21	89	7	0	0
1023_g	71	10	97	0	0	0
1024_g	119	481	308	1349	966	0
1025_g	5	15	81	6	25	0
1026_g	4	1	202	64	285	0
1027_g	2	0	89	2	2	0
1028_g	4	0	63	235	238	0
1029_g	56	9	224	32	21	0
102_g	23	15	42	24	19	0
1030_g	451	306	112	291	315	0
1031_g	5	0	201	11	12	0
1032_g	2	0	101	9	2	0
1033_g	8	18	103	9657	6029	0
1034_g	0	0	13	0	0	0
1035_g	0	0	5	0	0	0
1036_g	0	0	5	0	1	0
1037_g	1	0	17	0	1	0
1038_g	2	0	45	1	1	0
1039_g	6	13	92	7	2	0
103_g	284	141	170	213	128	0
1040_g	1987	1419	53	199	229	0
1041_g	7	0	100	1	4	0
1042_g	0	0	53	3	36	0
1043_g	4	0	31	6	5	0
1044_g	2	0	32	1	2	0
1045_g	0	0	14	0	0	0
1046_g	0	0	26	0	0	0
1047_g	7	3	46	10	4	0
1048_g	71	29	103	243	491	0
1049_g	76	78	427	470	86	0
104_g	11	13	145	125	76	0
1050_g	5957	7614	261	389	218	0
1051_g	1	3	39	13	5	0
1052_g	706	843	407	1639	1545	0
1053_g	930	1466	320	586	282	0
1054_g	0	0	28	0	1	0
1055_g	55	38	39	13	1	0
1056_g	0	0	8	0	0	0
1057_g	2713	1076	130	268729	130542	0
1058_g	16	2	221	8	10	0
1059_g	0	0	37	0	0	0
105_g	89	135	98	248	323	0
1060_g	2	0	212	4	2	0
1061_g	4	1	227	17	6	0
1062_g	5	0	86	2	3	0
1063_g	1613	2039	105	516	644	0
1064_g	23	11	68	11	12	0
1065_g	15	6	67	29	3	0
1066_g	155	88	242	191	157	0
1067_g	1	0	28	2	2	0
1068_g	48	55	92	5596	5843	0
1069_g	4	0	32	2	3	0
106_g	2	0	37	0	1	0
1070_g	213	186	242	164	191	0
1071_g	6	0	77	7	13	0
1072_g	0	0	27	3	0	0
1073_g	2	0	176	16	45	0
1074_g	129	176	111	59	80	0
1075_g	364	477	291	190	177	0
1076_g	5	0	142	4	21	0
1077_g	0	0	36	0	1	0
1078_g	1961	1857	244	303	159	0
1079_g	2	0	32	1	1	0
107_g	64	74	313	60	65	0
1080_g	2	0	33	1	0	0
1081_g	1760	770	55	555	404	0
1082_g	12	0	324	23	56	0
1083_g	4952460	956	54	561422	346071	0
1084_g	0	0	1	0	0	0
1085_g	63	58	42	3	5	0
1086_g	1	0	13	0	2	0
1087_g	4	0	36	0	8	0
1088_g	29	19	251	3	70	0
1089_g	5	0	72	4	0	0
108_g	11	5	127	16	31	0
1090_g	125	278	73	76	124	0
1091_g	8	8	112	73	80	0
1092_g	44	80	42	72	14	0
1093_g	5	0	145	11	14	0
1094_g	5	1	62	22	26	0
1095_g	135	146	259	707	851	0
1096_g	17	18	227	61	79	0
1097_g	1	0	45	2	1	0
1098_g	1	0	0	2	0	0
1099_g	175	85	93	164	27	0
109_g	1	0	51	0	9	0
10_g	13	0	230	3	4	0
1100_g	3	0	122	3	2	0
1101_g	4	0	58	1	3	0
1102_g	1158	823	194	100	57	0
1103_g	54	64	106	65	67	0
1104_g	9	1	63	6	9	0
1105_g	3	0	26	0	6	0
1106_g	8	0	49	158	45	0
1107_g	1	0	38	18	11	0
1108_g	5	0	54	1	2	0
1109_g	3	0	57	11	4	0
110_g	1549	2017	454	3312	1638	0
1110_g	0	0	2	0	0	0
1111_g	587	939	202	388	169	0
1112_g	56	49	151	176	54	0
1113_g	1473	899	394	1048	1005	0
1114_g	15	8	84	164	132	0
1115_g	0	0	0	0	0	0
1116_g	2	0	15	3	0	0
1117_g	0	0	56	0	1	0
1118_g	2	0	42	0	0	0
1119_g	1	0	23	0	0	0
111_g	8	17	87	116	34	0
1120_g	0	0	65	1	0	0
1121_g	0	0	33	1	0	0
1122_g	1	0	11	3	1	0
1123_g	49	629	75	173	27	0
1124_g	174	255	157	187	155	0
1125_g	51	29	82	270	132	0
1126_g	1	0	65	3	1	0
1127_g	22	24	4	18	1	0
1128_g	0	0	93	0	0	0
1129_g	0	0	0	0	0	0
112_g	1	0	44	50	14	0
1130_g	0	0	19	0	2	0
1131_g	1	0	58	3	6	0
1132_g	3	5	80	12	6	0
1133_g	18	6	319	31	21	0
1134_g	2	0	29	1	4	0
1135_g	4	6	30	1	22	0
1136_g	2	0	39	4	2	0
1137_g	0	0	41	0	0	0
1138_g	9	19	66	27	41	0
1139_g	144	218	284	394	291	0
113_g	415	355	305	1674	1311	0
1140_g	0	0	39	2	2	0
1141_g	3	0	104	46	19	0
1142_g	1	0	49	5	3	0
1143_g	0	0	0	0	0	0
1144_g	0	0	1	0	0	0
1145_g	0	0	6	0	0	0
1146_g	0	0	0	0	0	0
1147_g	0	0	0	0	0	0
1148_g	0	0	676	0	0	0
1149_g	119	4	3114	102	150	0
114_g	6	5	83	26	27	0
1150_g	0	0	0	0	0	0
1151_g	0	0	0	0	0	0
1152_g	121	4	1628	156	154	0
1153_g	0	0	8	0	0	0
1154_g	0	0	0	0	0	0
1155_g	0	0	19	0	0	0
1156_g	0	0	0	0	0	0
1157_g	0	0	9	0	0	0
1158_g	0	0	87	0	0	0
1159_g	0	0	87	0	0	0
115_g	80	133	126	62	68	0
1160_g	0	0	22	0	0	0
1161_g	1	0	909	6	5	0
1162_g	0	0	14	0	0	0
1163_g	0	0	16	1	0	0
1164_g	7	0	232	5	4	0
1165_g	0	0	93	4	0	0
1166_g	38	25	99	37	86	0
1167_g	0	0	39	0	3	0
1168_g	46	73	76	56	57	0
1169_g	10	23	130	15	6	0
116_g	50	69	107	244	172	0
1170_g	143	259	193	104	75	0
1171_g	105	47	255	51	52	0
1172_g	51	6	92	29	26	0
1173_g	308	271	277	160	144	0
1174_g	0	0	10	1	3	0
1175_g	0	0	4	0	0	0
1176_g	1	0	15	4	6	0
1177_g	282	307	355	445	297	0
1178_g	10	1	72	16	9	0
1179_g	99	249	299	262	181	0
117_g	3	0	97	7	20	0
1180_g	64	58	284	70	85	0
1181_g	0	0	52	3	3	0
1182_g	2	0	87	5	2	0
1183_g	0	0	29	0	0	0
1184_g	0	0	35	3	1	0
1185_g	6	0	170	8	4	0
1186_g	0	0	30	3	2	0
1187_g	3	0	52	9	3	0
1188_g	2	0	53	2	1	0
1189_g	13	14	55	18	9	0
118_g	1	0	36	0	0	0
1190_g	3	0	38	159	143	0
1191_g	103	139	122	238	163	0
1192_g	17	0	73	18	14	0
1193_g	37	32	301	9	17	0
1194_g	476	85	42	0	1	0
1195_g	0	0	107	2	4	0
1196_g	21	41	142	50	41	0
1197_g	148	190	262	199	191	0
1198_g	182	318	242	237	443	0
1199_g	3	0	71	16	0	0
119_g	597	567	173	541	571	0
11_g	0	0	60	2	1	0
1200_g	2	1	21	6	3	0
1201_g	87	97	39	84	56	0
1202_g	33	3	6	28	11	0
1203_g	2	1	46	4	3	0
1204_g	0	0	46	1	2	0
1205_g	421	379	90	139	239	0
1206_g	2079	2772	279	408	691	0
1207_g	198	166	45	509	373	0
1208_g	23	29	49	37	32	0
1209_g	0	0	18	0	0	0
120_g	12	1	191	41	25	0
1210_g	5	0	140	3	13	0
1211_g	2	0	44	2	1	0
1212_g	1	0	76	1	1	0
1213_g	1	0	81	2	1	0
1214_g	176	337	60	182	418	0
1215_g	48	0	69	7	12	0
1216_g	8	1	126	20	16	0
1217_g	33	25	351	108	109	0
1218_g	43	36	120	39	44	0
1219_g	88	49	199	54	76	0
121_g	3	0	137	9	7	0
1220_g	12	8	109	27	34	0
1221_g	11	3	170	13	13	0
1222_g	7	0	216	4	5	0
1223_g	4	0	131	3	1	0
1224_g	80	38	73	3	15	0
1225_g	2	0	144	5	2	0
1226_g	1	0	46	18	102	0
1227_g	7	0	286	31	33	0
1228_g	93	79	268	1032	250	0
1229_g	50	129	117	60	145	0
122_g	0	0	66	2	0	0
1230_g	16	13	146	28	13	0
1231_g	2	0	76	95	4	0
1232_g	23	9	143	436	245	0
1233_g	140	300	149	101	89	0
1234_g	7	0	71	0	0	0
1235_g	5	0	151	21	5	0
1236_g	2	0	87	7	1	0
1237_g	1	5	90	23	26	0
1238_g	4	0	125	14	18	0
1239_g	13	27	184	14	102	0
123_g	8	0	178	150	9	0
1240_g	0	0	3	0	1	0
1241_g	1	0	49	1	2	0
1242_g	1	0	29	13	39	0
1243_g	2	0	27	1	26	0
1244_g	390	219	53	248	363	0
1245_g	79	43	69	11	12	0
1246_g	2	4	11	5	8	0
1247_g	110	32	166	25	15	0
1248_g	12	0	141	2	6	0
1249_g	7	0	171	623	58	0
124_g	68	46	71	48	26	0
1250_g	1	0	28	3	0	0
1251_g	102	129	97	362	155	0
1252_g	3937	2854	137	547	176	0
1253_g	1390	1416	640	1581	904	0
1254_g	2	0	25	594	5	0
1255_g	0	0	24	61	17	0
1256_g	430	363	163	221	309	0
1257_g	4	0	136	3	6	0
1258_g	228	238	74	240	131	0
1259_g	1	0	2	1	2	0
125_g	11	20	155	22	12	0
1260_g	3	11	29	10	16	0
1261_g	10	76	113	6	18	0
1262_g	13	0	125	4	14	0
1263_g	12	0	179	11	15	0
1264_g	105	1	11357	1300	95	0
1265_g	1203	19	10854	10500	677	0
1266_g	193	6	42417	4283	389	0
1267_g	31	1	117211	470	57	0
1268_g	0	0	6	0	0	0
1269_g	0	0	54	0	0	0
126_g	2056	1424	192	321	310	0
1270_g	0	0	992	0	0	0
1271_g	3	0	2844	25	0	0
1272_g	0	0	16077	10	2	0
1273_g	0	0	129	0	0	0
1274_g	0	0	8	0	0	0
1275_g	0	0	3019	0	0	0
1276_g	1	0	15487	0	0	0
1277_g	0	0	6490	0	0	0
1278_g	0	0	91	13	8	0
1279_g	4	2	46	61	98	0
127_g	5	0	100	3	5	0
1280_g	3	4	13	2	7	0
1281_g	83	50	23	70	33	0
1282_g	1	0	15	1	1	0
1283_g	0	2	24	3	0	0
1284_g	17	25	75	15	5	0
1285_g	39	43	62	53	71	0
1286_g	3	0	52	1	1	0
1287_g	460	535	245	2407	1424	0
1288_g	0	7	24	0	3	0
1289_g	2	0	57	0	0	0
128_g	941	747	153	1126	1726	0
1290_g	1	0	188	5	4	0
1291_g	3	0	55	1	0	0
1292_g	1	0	112	5	3	0
1293_g	324	196	130	417	218	0
1294_g	2	7	81	38	64	0
1295_g	0	4	69	2	40	0
1296_g	96	94	25	8	26	0
1297_g	6	0	159	5	4	0
1298_g	15	0	105	9	2	0
1299_g	234	195	181	212	186	0
129_g	876	809	113	325	243	0
12_g	2	0	43	1	2	0
1300_g	247	260	25	985	1992	0
1301_g	0	0	63	0	2	0
1302_g	1	0	51	1	3	0
1303_g	22	0	56	0	2	0
1304_g	12	7	83	134	134	0
1305_g	117	63	108	80	72	0
1306_g	1	0	62	6	7	0
1307_g	53	53	58	120	148	0
1308_g	0	0	8	0	1	0
1309_g	0	0	0	0	0	0
130_g	8	6	61	5	9	0
1310_g	0	0	5	1	2	0
1311_g	7	70	72	6	11	0
1312_g	8	7	76	29	28	0
1313_g	0	0	20	0	0	0
1314_g	0	0	6	0	1	0
1315_g	225	203	206	365	264	0
1316_g	86	95	88	26	33	0
1317_g	10	20	41	3	8	0
1318_g	4	0	83	5	2	0
1319_g	4	0	125	1	14	0
131_g	7	0	135	7	1	0
1320_g	3	0	67	0	1	0
1321_g	1	0	92	9	10	0
1322_g	345	180	226	189	272	0
1323_g	761	352	482	417	248	0
1324_g	134	91	197	315	322	0
1325_g	1	0	18	1	0	0
1326_g	0	0	23	0	0	0
1327_g	74	73	43	28	9	0
1328_g	17	16	87	3	6	0
1329_g	615	297	209	27	34	0
132_g	19	3	122	13	10	0
1330_g	1	0	173	3	2	0
1331_g	0	0	59	2	2	0
1332_g	5	0	151	3	2	0
1333_g	0	0	16	1	4	0
1334_g	3	0	18	3	0	0
1335_g	3	0	145	2	7	0
1336_g	0	0	3	0	0	0
1337_g	0	0	1	0	0	0
1338_g	194	180	295	84	153	0
1339_g	1	0	40	5	4	0
133_g	14	1	216	10	24	0
1340_g	0	0	47	227	833	0
1341_g	285	268	57	4720	3450	0
1342_g	5	2	81	15	4	0
1343_g	8	17	81	53	65	0
1344_g	0	0	0	0	0	0
1345_g	5	1	91	3	0	0
1346_g	0	0	34	5	0	0
1347_g	0	0	35	1	2	0
1348_g	3	0	135	4	4	0
1349_g	14	4	112	287	235	0
134_g	1865	2259	76	733	666	0
1350_g	9	0	152	1	6	0
1351_g	1	0	45	1	0	0
1352_g	5	0	31	0	1	0
1353_g	12	0	293	28	12	0
1354_g	0	0	33	3	0	0
1355_g	0	0	54	1	1	0
1356_g	1	0	110	1	0	0
1357_g	3	0	172	3	1	0
1358_g	94	20	50	9	16	0
1359_g	351	114	63	4	1	0
135_g	9	9	58	59	34	0
1360_g	105	212	178	301	321	0
1361_g	14	64	133	95	112	0
1362_g	94	75	311	549	561	0
1363_g	2	0	121	19	7	0
1364_g	9	8	67	6	4	0
1365_g	0	0	58	1	2	0
1366_g	3	0	114	13	52	0
1367_g	3	0	134	2	4	0
1368_g	13	52	112	4	10	0
1369_g	2	0	81	5	5	0
136_g	138	50	208	79	78	0
1370_g	24	143	55	40	36	0
1371_g	33	70	63	92	63	0
1372_g	13	3	66	23	16	0
1373_g	0	0	29	0	0	0
1374_g	2	0	63	0	0	0
1375_g	0	0	57	0	2	0
1376_g	10	0	469	5	9	0
1377_g	12	0	997	12	31	0
1378_g	36	0	1511	24	47	0
1379_g	41	0	1824	33	26	0
137_g	15	19	96	35	16	0
1380_g	37	0	3019	37	39	0
1381_g	27	0	1255	9	12	0
1382_g	8	0	750	8	21	0
1383_g	10	0	348	6	6	0
1384_g	105	0	3754	66	90	0
1385_g	29	0	1560	19	28	0
1386_g	18	0	733	16	16	0
1387_g	102	0	4214	85	92	0
1388_g	3	0	291	2	5	0
1389_g	0	0	132	0	0	0
138_g	132	90	180	107	132	0
1390_g	71	0	2757	47	58	0
1391_g	86	0	4294	67	101	0
1392_g	1	3	31	9	10	0
1393_g	1	0	37	0	0	0
1394_g	0	0	32	0	0	0
1395_g	0	0	21	0	0	0
1396_g	5	0	89	1	6	0
1397_g	1	0	19	2	0	0
1398_g	22	0	470	11	13	0
1399_g	9	0	913	12	14	0
139_g	332	147	69	261	188	0
13_g	28	4	135	44	36	0
1400_g	3	0	347	4	7	0
1401_g	27	0	1054	21	28	0
1402_g	0	0	215	2	1	0
1403_g	1	0	202	0	0	0
1404_g	2	0	239	0	0	0
1405_g	6	0	157	4	7	0
1406_g	2	0	65	39	68	0
1407_g	0	0	27	1	0	0
1408_g	0	0	5	6	2	0
1409_g	1	0	108	2	1	0
140_g	88	230	200	330	760	0
1410_g	8	0	201	7	2	0
1411_g	2	0	56	0	2	0
1412_g	1	2	20	1	4	0
1413_g	6	0	203	5	5	0
1414_g	24	0	514	23	20	0
1415_g	42	0	906	16	27	0
1416_g	0	0	26	0	0	0
1417_g	0	0	26	0	0	0
1418_g	0	0	39	0	0	0
1419_g	5	0	101	6	0	0
141_g	35	89	216	69	44	0
1420_g	3	0	61	0	1	0
1421_g	0	0	58	1	0	0
1422_g	42	0	2497	23	45	0
1423_g	28	0	1348	13	29	0
1424_g	30	0	1068	20	21	0
1425_g	9	0	605	6	7	0
1426_g	60	0	4968	42	61	0
1427_g	22	0	515	9	19	0
1428_g	33	0	1143	18	20	0
1429_g	21	0	1162	6	14	0
142_g	83	183	200	133	72	0
1430_g	8	0	113	11	8	0
1431_g	2	0	56	0	1	0
1432_g	4	6	70	2	1	0
1433_g	11	0	208	16	11	0
1434_g	0	0	0	0	0	0
1435_g	10	13	70	58	66	0
1436_g	0	0	33	0	4	0
1437_g	1	0	36	11	24	0
1438_g	1	0	123	0	1	0
1439_g	3	0	26	0	2	0
143_g	2	0	54	2	1	0
1440_g	11	1	68	17	13	0
1441_g	0	0	40	3	1	0
1442_g	3	0	65	4	6	0
1443_g	1	0	24	0	0	0
1444_g	0	0	49	2	0	0
1445_g	2	0	101	0	5	0
1446_g	78	90	26	321	581	0
1447_g	2	0	108	4	2	0
1448_g	4	0	161	6	1	0
1449_g	0	0	48	0	0	0
144_g	6	0	158	1	3	0
1450_g	0	0	53	0	1	0
1451_g	7	0	157	293	30	0
1452_g	5	0	185	259	91	0
1453_g	0	0	62	0	0	0
1454_g	0	0	0	0	0	0
1455_g	1	0	56	0	1	0
1456_g	76	18	684	89	70	0
1457_g	116	14	838	125	98	0
1458_g	0	0	51	0	0	0
1459_g	0	0	70	0	0	0
145_g	92	179	298	436	419	0
1460_g	202	13	4725	415	332	0
1461_g	0	0	524	0	0	0
1462_g	0	0	51	0	0	0
1463_g	0	0	25	1	7	0
1464_g	3	0	62	0	37	0
1465_g	885	1545	433	746	904	0
1466_g	24	40	150	40	56	0
1467_g	0	0	3	0	0	0
1468_g	0	0	58	2	0	0
1469_g	2	0	54	0	0	0
146_g	8	0	228	197	164	0
1470_g	0	0	18	0	0	0
1471_g	15	15	36	15	25	0
1472_g	75	29	35	37	59	0
1473_g	0	2	24	0	3	0
1474_g	0	0	30	0	0	0
1475_g	0	0	37	1	1	0
1476_g	0	0	42	8	4	0
1477_g	2	0	27	2	1	0
1478_g	0	0	13	0	0	0
1479_g	4	0	16	23	13	0
147_g	535	432	158	723	373	0
1480_g	18	3	123	41	19	0
1481_g	169	288	127	223	229	0
1482_g	0	0	0	0	0	0
1483_g	13	0	19	34	32	0
1484_g	0	0	60	30	14	0
1485_g	2	0	60	0	1	0
1486_g	28	9	53	179	107	0
1487_g	231	95	43	20	24	0
1488_g	38	14	21	12	16	0
1489_g	0	6	16	6	5	0
148_g	446	383	215	472	382	0
1490_g	4	0	90	2	1	0
1491_g	834	1610	154	834	772	0
1492_g	32	19	10	0	1	0
1493_g	4718	19627	44	30	224	0
1494_g	586	560	226	625	310	0
1495_g	7	0	82	1	7	0
1496_g	9	0	138	10	40	0
1497_g	2	0	38	3	0	0
1498_g	1	4	70	10	32	0
1499_g	67	61	246	160	72	0
149_g	7	0	41	19	13	0
14_g	4	1	136	11	11	0
1500_g	1	0	62	1	0	0
1501_g	6	2	192	10	256	0
1502_g	4	0	57	2	2	0
1503_g	2	0	75	0	1	0
1504_g	13	0	592	9	5	0
1505_g	3	0	44	1	2	0
1506_g	2	0	71	1	2	0
1507_g	0	0	17	0	0	0
1508_g	2	0	71	60	6	0
1509_g	1	0	33	2	0	0
150_g	96	66	150	27	93	0
1510_g	212	83	88	138	155	0
1511_g	0	0	66	2	0	0
1512_g	0	0	35	0	0	0
1513_g	0	0	14	2	6	0
1514_g	0	0	40	14	22	0
1515_g	23	3	4	62	44	0
1516_g	6	0	118	4	4	0
1517_g	1	0	130	3	2	0
1518_g	15	0	284	7	20	0
1519_g	7	0	58	6	0	0
151_g	26	35	139	535	194	0
1520_g	36	28	74	76	65	0
1521_g	120	247	117	293	193	0
1522_g	2	0	30	3	1	0
1523_g	1	0	51	1	1	0
1524_g	2	0	88	1	4	0
1525_g	44	15	67	61	61	0
1526_g	519	812	111	857	656	0
1527_g	0	0	51	15	21	0
1528_g	1	0	64	1	1	0
1529_g	58	95	201	119	183	0
152_g	336	509	418	257	229	0
1530_g	0	0	12	1	2	0
1531_g	0	0	107	46	60	0
1532_g	29	33	237	12	21	0
1533_g	0	0	30	0	0	0
1534_g	4	0	61	8	9	0
1535_g	0	0	31	0	0	0
1536_g	0	0	41	0	0	0
1537_g	0	0	65	0	0	0
1538_g	0	0	444	0	0	0
1539_g	0	0	0	0	0	0
153_g	53	9	445	33	25	0
1540_g	0	0	0	0	0	0
1541_g	0	0	0	0	0	0
1542_g	0	0	0	0	0	0
1543_g	0	0	0	0	0	0
1544_g	0	0	0	0	0	0
1545_g	0	0	0	0	0	0
1546_g	0	0	0	0	0	0
1547_g	0	0	0	0	0	0
1548_g	0	0	57	0	0	0
1549_g	0	0	0	0	0	0
154_g	2645	3049	474	582	940	0
1550_g	1	0	89	0	7	0
1551_g	0	0	17	7	19	0
1552_g	10	0	232	3	4	0
1553_g	127	178	29	29	11	0
1554_g	1	0	56	0	0	0
1555_g	0	0	13	0	0	0
1556_g	8	31	48	172	72	0
1557_g	119	159	66	92	74	0
1558_g	4	5	43	4	3	0
1559_g	0	0	0	0	0	0
155_g	4564	10506	43	1	1	0
1560_g	0	0	92	0	0	0
1561_g	0	0	0	0	0	0
1562_g	97	8	1246	159	135	0
1563_g	0	0	103	0	0	0
1564_g	0	0	1	0	0	0
1565_g	0	0	0	0	0	0
1566_g	52	137	86	70	109	0
1567_g	8	0	176	8	2	0
1568_g	6	0	279	5	5	0
1569_g	5	0	322	10	5	0
156_g	16	15	25	3	6	0
1570_g	0	0	150	0	0	0
1571_g	0	0	262	1	1	0
1572_g	29	0	1110	12	19	0
1573_g	2	0	60	6	1	0
1574_g	0	0	75	0	0	0
1575_g	12	0	182	4	22	0
1576_g	535	143	84	882	1438	0
1577_g	1	0	52	5	3	0
1578_g	0	0	107	0	0	0
1579_g	0	0	15	0	0	0
157_g	29	13	188	103	133	0
1580_g	0	0	911	0	0	0
1581_g	0	0	22	0	0	0
1582_g	0	0	55	0	0	0
1583_g	0	0	0	0	0	0
1584_g	0	0	0	0	0	0
1585_g	12	5	72	20	6	0
1586_g	2	0	17	0	1	0
1587_g	3	0	153	8	4	0
1588_g	1	0	43	1	0	0
1589_g	0	0	3	0	0	0
158_g	5	0	101	48	55	0
1590_g	0	0	40	0	0	0
1591_g	0	0	1	0	0	0
1592_g	0	0	0	0	0	0
1593_g	0	0	8	0	0	0
1594_g	9546	346	1950	5865	3454	0
1595_g	0	0	0	0	0	0
1596_g	0	0	93	0	0	0
1597_g	0	0	0	0	0	0
1598_g	0	0	109	0	0	0
1599_g	0	0	0	0	0	0
159_g	4	2	64	32	15	0
15_g	17	1	69	29	10	1
1600_g	0	0	0	0	0	0
1601_g	0	0	38	0	0	0
1602_g	0	0	0	0	0	0
1603_g	0	0	0	0	0	0
1604_g	1	0	38	8	6	0
1605_g	22	11	55	42	43	0
1606_g	23	63	222	361	292	0
1607_g	0	0	103	0	0	0
1608_g	23	0	816	30	53	0
1609_g	0	0	0	0	0	0
160_g	24	23	93	28	83	0
1610_g	0	0	32	0	0	0
1611_g	0	0	0	0	0	0
1612_g	0	0	0	0	0	0
1613_g	0	0	0	0	0	0
1614_g	1	0	8	4	2	0
1615_g	3	0	81	1	2	0
1616_g	10	14	151	13	38	0
1617_g	76	63	105	80	300	0
1618_g	50	34	34	40	153	0
1619_g	13	26	47	0	8	0
161_g	41	196	127	28	164	0
1620_g	209	248	82	91	95	0
1621_g	17	12	43	2	2	0
1622_g	516	525	135	300	194	0
1623_g	0	0	45	20	166	0
1624_g	36	43	275	96	113	0
1625_g	3	0	86	3	3	0
1626_g	1	0	88	1	3	0
1627_g	9	0	136	3	22	0
1628_g	228	338	450	186	381	0
1629_g	5	0	101	4	4	0
162_g	10	2	52	8	8	0
1630_g	37	18	124	77	119	0
1631_g	0	0	1	0	0	0
1632_g	8	0	1408	13	19	0
1633_g	0	0	1	0	0	0
1634_g	0	0	2	0	0	0
1635_g	0	0	3	0	0	0
1636_g	0	0	60	0	0	0
1637_g	0	0	93	0	0	0
1638_g	0	0	0	0	0	0
1639_g	0	0	8	0	0	0
163_g	0	0	58	0	5	0
1640_g	3	0	99	3	0	0
1641_g	2	0	215	2	6	0
1642_g	8	0	184	7	7	0
1643_g	5	0	245	13	9	0
1644_g	13	0	320	2	18	0
1645_g	936	251	9086	2312	704	0
1646_g	0	0	0	0	0	0
1647_g	17010	13	9	2353	4109	0
1648_g	1	0	28	0	0	0
1649_g	0	0	16	0	0	0
164_g	48	21	258	375	1370	0
1650_g	2	0	21	0	0	0
1651_g	81	82	38	60	50	0
1652_g	1577	1645	53	38	14	0
1653_g	4	0	122	4	11	0
1654_g	226	216	138	341	264	0
1655_g	3	0	48	9	55	0
1656_g	1	0	104	6	3	0
1657_g	2	0	141	3	10	0
1658_g	1	0	91	39	3	0
1659_g	2	0	86	10	13	0
165_g	2	0	61	11	57	0
1660_g	3	0	41	4	9	0
1661_g	170	104	238	69	94	0
1662_g	1	0	7	18	13	0
1663_g	39	34	118	59	58	0
1664_g	158	212	95	159	203	0
1665_g	2	22	81	27	33	0
1666_g	2	0	139	8	9	0
1667_g	0	0	82	0	0	0
1668_g	0	0	6	0	1	0
1669_g	0	0	73	0	0	0
166_g	4	0	191	27	50	0
1670_g	0	0	21	0	0	0
1671_g	0	0	13	2	0	0
1672_g	14	0	566	9	8	0
1673_g	25	0	714	35	24	0
1674_g	8	0	153	7	3	0
1675_g	9	0	75	5	3	0
1676_g	11	0	92	6	10	0
1677_g	35	0	583	31	42	0
1678_g	0	0	58	1	1	0
1679_g	1	0	240	4	6	0
167_g	17	14	114	4	14	0
1680_g	45	0	1491	50	51	0
1681_g	0	0	88	0	0	0
1682_g	0	0	37	0	0	0
1683_g	0	0	8	0	0	0
1684_g	0	0	0	0	0	0
1685_g	0	0	0	0	0	0
1686_g	0	0	31	0	0	0
1687_g	0	0	213	0	1	0
1688_g	0	0	0	0	0	0
1689_g	955	1043	10	22	10	0
168_g	0	0	56	8	2	0
1690_g	0	5	2	15	17	0
1691_g	297	275	184	36	13	0
1692_g	3	0	83	4	0	0
1693_g	0	0	0	0	0	0
1694_g	5	0	90	5	4	0
1695_g	9	10	55	16	22	0
1696_g	192	169	109	87	47	0
1697_g	0	0	31	0	2	0
1698_g	0	0	25	0	0	0
1699_g	0	0	465	3	2	0
169_g	336	173	157	3454	1351	0
16_g	548	378	170	367	256	0
1700_g	0	0	0	0	0	0
1701_g	0	0	81	0	0	0
1702_g	0	0	18	0	0	0
1703_g	0	0	0	0	0	0
1704_g	508	1	4164	234	142	0
1705_g	0	0	0	0	0	0
1706_g	0	0	117	1	0	0
1707_g	0	0	70	0	0	0
1708_g	0	0	56	0	1	0
1709_g	6	0	3	3	2	0
170_g	7	0	37	25	5	0
1710_g	1	0	102	79	9	0
1711_g	3	0	30	0	1	0
1712_g	0	0	71	0	0	0
1713_g	0	0	3	0	0	0
1714_g	0	0	0	0	0	0
1715_g	0	0	614	0	0	0
1716_g	16	0	1258	31	31	0
1717_g	0	0	0	0	0	0
1718_g	0	0	115	0	0	0
1719_g	0	0	45	0	0	0
171_g	92	108	215	16	15	0
1720_g	0	0	0	0	0	0
1721_g	0	0	0	0	0	0
1722_g	0	0	0	0	0	0
1723_g	9	12	40	0	0	0
1724_g	0	0	19	0	16	0
1725_g	0	0	39	1	0	0
1726_g	0	0	14	0	3	0
1727_g	0	0	0	0	0	0
1728_g	32	0	1301	26	34	0
1729_g	0	0	57	0	0	0
172_g	1234	780	66	334	203	0
1730_g	0	0	0	0	0	0
1731_g	0	0	0	0	0	0
1732_g	0	0	0	0	0	0
1733_g	0	0	0	0	0	0
1734_g	4	0	86	0	1	0
1735_g	0	0	36	6	7	0
1736_g	12	0	149	1	11	0
1737_g	19	0	460	16	12	0
1738_g	3	0	188	7	5	0
1739_g	78	5	2449	53	55	0
173_g	57	130	84	1	3	0
1740_g	20	0	518	9	13	0
1741_g	29	0	838	29	36	0
1742_g	10	0	281	9	7	0
1743_g	4	0	252	7	8	0
1744_g	7	0	362	7	18	0
1745_g	5	0	102	5	5	0
1746_g	6	0	87	3	4	0
1747_g	3	0	56	2	4	0
1748_g	0	0	184	0	0	0
1749_g	0	0	0	0	0	0
174_g	0	0	56	2	0	0
1750_g	0	0	194	0	0	0
1751_g	0	0	0	0	0	0
1752_g	0	0	59	0	0	0
1753_g	0	0	6	0	0	0
1754_g	0	0	0	0	0	0
1755_g	0	0	0	0	0	0
1756_g	1	0	0	0	0	0
1757_g	4	0	25	62	4	0
1758_g	0	0	8	1	0	0
1759_g	0	0	18	0	1	0
175_g	183	110	68	83	106	0
1760_g	0	0	25	1	0	0
1761_g	1	0	34	1	0	0
1762_g	34	0	358	36	28	0
1763_g	2	0	19	0	1	0
1764_g	0	0	25	0	0	0
1765_g	0	0	32	0	0	0
1766_g	1	0	30	0	0	0
1767_g	2	0	36	0	0	0
1768_g	2	0	45	0	0	0
1769_g	3	0	109	0	0	0
176_g	9	1	5	6	7	0
1770_g	0	0	12	0	0	0
1771_g	5	0	35	2	2	0
1772_g	4	0	68	5	5	0
1773_g	2	0	45	0	3	0
1774_g	4	0	94	5	5	0
1775_g	5	0	44	0	1	0
1776_g	0	0	23	0	1	0
1777_g	2	0	141	3	1	0
1778_g	2	0	60	7	2	0
1779_g	0	0	83	0	1	0
177_g	0	0	27	1	3	0
1780_g	0	0	0	0	0	0
1781_g	0	0	2	0	0	0
1782_g	2	0	12	0	2	0
1783_g	1	0	16	0	2	0
1784_g	17	0	437	14	10	0
1785_g	0	0	35	1	2	0
1786_g	6	0	89	4	7	0
1787_g	1	0	256	2	5	0
1788_g	0	0	3	0	0	0
1789_g	0	0	147	0	0	0
178_g	10	2	48	1	0	0
1790_g	21	1	1116	33	39	0
1791_g	0	0	1	0	0	0
1792_g	0	0	15	0	0	0
1793_g	0	0	0	0	0	0
1794_g	0	0	0	0	0	0
1795_g	0	0	8	0	0	0
1796_g	0	0	54	0	0	0
1797_g	0	0	34	0	0	0
1798_g	7	0	84	1	0	0
1799_g	1	0	74	0	2	0
179_g	13	0	68	17	25	0
17_g	0	0	36	0	0	0
1800_g	2	0	70	0	0	0
1801_g	1	0	54	1	0	0
1802_g	0	0	40	1	1	0
1803_g	0	0	22	0	0	0
1804_g	0	0	7	0	0	0
1805_g	0	0	755	0	0	0
1806_g	0	0	236	0	0	0
1807_g	0	0	0	0	0	0
1808_g	0	0	92	0	0	0
1809_g	0	0	0	0	0	0
180_g	90	20	16	2	6	0
1810_g	0	0	1	0	0	0
1811_g	6	0	240	3	6	0
1812_g	0	0	61	2	1	0
1813_g	0	0	239	0	0	0
1814_g	2	0	406	2	1	0
1815_g	29	1	1253	38	36	0
1816_g	0	0	1	0	0	0
1817_g	0	0	5	0	0	0
1818_g	0	0	61	0	0	0
1819_g	0	0	0	0	0	0
181_g	1	0	78	4	7	0
1820_g	0	0	0	0	0	0
1821_g	0	0	0	0	0	0
1822_g	0	0	17	0	0	0
1823_g	0	0	0	0	0	0
1824_g	0	0	52	0	0	0
1825_g	0	0	0	0	0	0
1826_g	0	0	1	0	0	0
1827_g	0	0	731	0	0	0
1828_g	0	0	17	0	0	0
1829_g	0	0	0	0	0	0
182_g	1	0	14	1	1	0
1830_g	0	0	1	0	0	0
1831_g	0	0	0	0	0	0
1832_g	0	0	104	0	1	0
1833_g	5	0	39	0	5	0
1834_g	2	0	28	7	8	0
1835_g	0	0	22	0	0	0
1836_g	0	0	1	1	0	0
1837_g	8	0	145	4	6	0
1838_g	3	0	52	1	2	0
1839_g	11	0	605	13	17	0
183_g	0	0	9	0	0	0
1840_g	11	0	315	7	14	0
1841_g	40	0	1004	18	34	0
1842_g	4	0	434	13	12	0
1843_g	2	0	83	2	4	0
1844_g	8	0	209	8	5	0
1845_g	5	0	185	7	9	0
1846_g	24	0	485	20	18	0
1847_g	17	0	373	9	14	0
1848_g	5	0	133	14	2	0
1849_g	16	0	337	8	12	0
184_g	2	0	17	0	0	0
1850_g	9	0	143	7	11	0
1851_g	12	0	390	7	13	0
1852_g	12	0	170	9	11	0
1853_g	13	0	102	11	8	0
1854_g	12	0	117	3	4	0
1855_g	19	0	233	8	6	0
1856_g	7	0	84	3	2	0
1857_g	55	0	661	40	29	0
1858_g	9	0	190	6	25	0
1859_g	31	0	622	17	22	0
185_g	3	0	90	5	1	0
1860_g	16	0	274	17	13	0
1861_g	38	0	781	27	27	0
1862_g	21	0	384	12	11	0
1863_g	15	0	217	11	6	0
1864_g	97	0	1671	65	87	0
1865_g	34	3	587	21	31	0
1866_g	58	0	1481	35	70	0
1867_g	24	0	556	22	15	0
1868_g	11	0	309	10	4	0
1869_g	21	0	805	10	20	0
186_g	2	0	144	3	2	0
1870_g	40	0	869	21	26	0
1871_g	0	0	35	0	0	0
1872_g	0	0	30	0	0	0
1873_g	0	0	21	0	0	0
1874_g	0	0	28	0	1	0
1875_g	0	0	45	0	0	0
1876_g	0	0	4	0	0	0
1877_g	17	18	6	5	11	0
1878_g	0	0	30	0	0	0
1879_g	0	0	31	0	0	0
187_g	8	14	164	67	113	0
1880_g	0	0	17	0	0	0
1881_g	0	0	5	0	0	0
1882_g	0	0	51	0	0	0
1883_g	2	0	30	0	0	0
1884_g	5	0	81	0	1	0
1885_g	0	0	28	1	0	0
1886_g	1	0	65	2	4	0
1887_g	0	0	7	0	0	0
1888_g	0	0	77	0	0	0
1889_g	0	0	84	0	0	0
188_g	5	1	119	32	41	0
1890_g	0	0	706	0	0	0
1891_g	0	0	44	0	0	0
1892_g	0	0	2	0	0	0
1893_g	0	0	1	0	0	0
1894_g	0	0	0	0	0	0
1895_g	0	0	44	0	0	0
1896_g	0	0	27	0	0	0
1897_g	0	0	1	0	0	0
1898_g	0	0	0	0	0	0
1899_g	0	0	0	0	0	0
189_g	423	206	203	773	445	0
18_g	43	20	200	353	321	0
1900_g	0	0	10	0	0	0
1901_g	0	0	23	0	0	0
1902_g	0	0	20	0	0	0
1903_g	0	0	29	0	0	0
1904_g	0	0	17	0	0	0
1905_g	0	0	0	0	0	0
1906_g	0	0	2	0	0	0
1907_g	0	0	2	0	0	0
1908_g	0	0	1	0	0	0
1909_g	0	0	15	0	0	0
190_g	2	0	57	0	0	0
1910_g	2	0	47	5	7	0
1911_g	3	0	26	3	2	0
1912_g	0	0	7	0	0	0
1913_g	1	0	26	1	2	0
1914_g	0	4	28	0	1	0
1915_g	0	0	0	0	0	0
1916_g	0	0	0	0	0	0
1917_g	0	0	6	0	0	0
1918_g	2	0	45	1	1	0
1919_g	0	0	6	0	0	0
191_g	4	0	317	3	6	0
1920_g	5	0	113	9	10	0
1921_g	20	0	456	15	22	0
1922_g	31	0	388	16	21	0
1923_g	13	0	324	6	13	0
1924_g	28	0	300	17	17	0
1925_g	26	0	401	13	27	0
1926_g	33	0	598	19	23	0
1927_g	8	0	344	3	3	0
1928_g	27	0	886	20	22	0
1929_g	10	0	516	7	10	0
192_g	2	9	91	147	201	0
1930_g	4	0	142	5	4	0
1931_g	5	0	85	2	0	0
1932_g	4	0	98	5	4	0
1933_g	7	0	193	4	5	0
1934_g	4	0	188	12	8	0
1935_g	26	0	401	11	18	0
1936_g	28	0	1068	37	38	0
1937_g	18	0	266	16	13	0
1938_g	15	0	466	12	13	0
1939_g	31	0	467	7	14	0
193_g	226	348	121	168	166	0
1940_g	12	0	97	1	4	0
1941_g	1	0	35	2	3	0
1942_g	9	0	263	5	12	0
1943_g	10	0	126	2	5	0
1944_g	39	0	516	21	28	0
1945_g	4	0	205	7	6	0
1946_g	24	0	605	21	19	0
1947_g	9	0	295	6	9	0
1948_g	5	0	150	2	3	0
1949_g	9	0	236	4	7	0
194_g	54	64	171	97	92	0
1950_g	77	0	1995	42	66	0
1951_g	23	0	412	15	16	0
1952_g	27	0	553	25	26	0
1953_g	10	0	223	4	10	0
1954_g	19	0	532	9	30	0
1955_g	7	0	71	4	2	0
1956_g	1	0	35	1	2	0
1957_g	0	0	4	0	0	0
1958_g	7	0	950	5	12	0
1959_g	4	0	464	2	8	0
195_g	6	0	66	8	3	0
1960_g	0	0	16	0	0	0
1961_g	0	0	0	0	0	0
1962_g	0	0	60	0	0	0
1963_g	0	0	43	0	0	0
1964_g	0	0	2968	0	0	0
1965_g	0	0	44	0	0	0
1966_g	0	0	0	0	0	0
1967_g	0	0	0	0	0	0
1968_g	0	0	0	0	0	0
1969_g	0	0	0	0	0	0
196_g	4	0	115	21	13	0
1970_g	0	0	15	0	0	0
1971_g	0	0	17	0	0	0
1972_g	0	0	27	0	0	0
1973_g	0	0	75	3	1	0
1974_g	0	0	39	1	0	0
1975_g	0	0	13	3	0	0
1976_g	3	0	14	31	34	0
1977_g	0	1	26	10	10	0
1978_g	8	0	102	5	0	0
1979_g	63498	13	64	17094	10342	0
197_g	96	126	169	114	113	0
1980_g	0	0	5	0	0	0
1981_g	0	0	0	0	0	0
1982_g	0	0	53	0	0	0
1983_g	2	0	32	5	19	0
1984_g	0	0	6	0	0	0
1985_g	2	0	180	5	3	0
1986_g	24	26	26	35	41	0
1987_g	0	0	372	0	0	0
1988_g	0	0	83	0	0	0
1989_g	0	0	12	0	0	0
198_g	1	0	87	0	1	0
1990_g	0	0	0	0	0	0
1991_g	0	0	0	0	0	0
1992_g	3	0	58	0	1	0
1993_g	0	0	2	0	0	0
1994_g	10	10	90	45	44	0
1995_g	11	1	142	59	80	0
1996_g	0	0	3	0	1	0
1997_g	0	0	2	0	0	0
1998_g	43	34	86	295	77	0
1999_g	6	0	108	25	39	0
199_g	0	0	43	4	0	0
19_g	0	0	54	0	0	0
1_g	1	0	32	0	1	0
2000_g	4	0	77	2	1	0
2001_g	0	0	23	0	0	0
2002_g	0	0	39	1	1	0
2003_g	0	0	0	0	0	0
2004_g	0	0	13	0	0	0
2005_g	0	0	0	0	0	0
2006_g	0	0	0	0	0	0
2007_g	5	0	198	3	4	0
2008_g	0	0	20	0	0	0
2009_g	5	0	34	4	5	0
200_g	0	0	89	1	0	0
2010_g	5	0	133	2	6	0
2011_g	3	0	110	1	3	0
2012_g	0	0	1	0	0	0
2013_g	0	0	0	0	0	0
2014_g	14	0	569	9	23	0
2015_g	1563	11034	11642	2226	11799	0
2016_g	7	0	57	28	41	0
2017_g	0	0	13	0	0	0
2018_g	0	0	18	0	0	0
2019_g	0	0	15	0	0	0
201_g	1	0	47	1	1	0
2020_g	0	0	1	0	0	0
2021_g	0	0	24	0	1	0
2022_g	3	2	132	9	10	0
2023_g	0	0	3	0	0	0
2024_g	0	0	1	0	0	0
2025_g	0	0	33	0	0	0
2026_g	0	0	24	0	0	0
2027_g	1	0	71	3	0	0
2028_g	2	0	79	0	0	0
2029_g	0	0	42	4	1	0
202_g	2	0	180	1	4	0
2030_g	0	0	3	0	0	0
2031_g	0	0	0	0	0	0
2032_g	0	0	1	0	0	0
2033_g	0	0	203	0	0	0
2034_g	0	0	420	0	0	0
2035_g	0	0	0	0	0	0
2036_g	0	0	24	0	0	0
2037_g	1	0	31	3	1	0
2038_g	0	0	0	0	0	0
2039_g	0	0	0	0	0	0
203_g	3	17	96	107	59	0
2040_g	0	0	0	0	0	0
2041_g	0	0	27	0	0	0
2042_g	0	0	5	0	0	0
2043_g	0	0	6	0	0	0
2044_g	31	37	85	21	14	0
2045_g	1	2	36	0	0	0
2046_g	0	0	0	0	0	0
2047_g	0	0	0	0	0	0
2048_g	0	0	2	0	0	0
2049_g	0	0	4	0	0	0
204_g	5	15	86	64	39	0
2050_g	0	0	0	0	0	0
2051_g	9	0	254	8	14	0
2052_g	5	0	96	3	4	0
2053_g	21	0	254	11	10	0
2054_g	12	0	444	13	15	0
2055_g	4	0	240	4	7	0
2056_g	21	0	720	7	19	0
2057_g	8	0	300	4	6	0
2058_g	21	0	465	16	18	0
2059_g	3	0	32	4	1	0
205_g	3	0	82	6	2	0
2060_g	13	0	680	7	14	0
2061_g	30	0	389	11	30	0
2062_g	12	0	259	5	9	0
2063_g	3	0	121	3	4	0
2064_g	6	0	281	5	15	0
2065_g	3	0	93	4	5	0
2066_g	4	0	108	2	7	0
2067_g	4	0	119	6	8	0
2068_g	19	0	375	15	17	0
2069_g	7	0	231	8	12	0
206_g	8	0	277	9	11	0
2070_g	13	0	316	2	11	0
2071_g	2	0	57	0	2	0
2072_g	24	0	639	24	18	0
2073_g	7	0	183	10	6	0
2074_g	6	5	187	10	5	0
2075_g	5	0	295	1	5	0
2076_g	18	0	525	9	9	0
2077_g	9	0	413	9	25	0
2078_g	26	0	885	10	32	0
2079_g	37	0	1111	22	44	0
207_g	1	0	117	4	2	0
2080_g	4	0	296	9	9	0
2081_g	16	0	342	9	17	0
2082_g	20	0	319	16	7	0
2083_g	0	0	129	2	0	0
2084_g	6	0	320	6	6	0
2085_g	2	0	192	3	4	0
2086_g	13	0	377	16	9	0
2087_g	2	0	64	3	3	0
2088_g	6	0	186	1	4	0
2089_g	25	0	456	15	19	0
208_g	404	274	382	280	371	0
2090_g	12	0	230	11	16	0
2091_g	0	0	3	0	0	0
2092_g	0	0	23	1	0	0
2093_g	5	0	91	0	0	0
2094_g	17	0	290	9	13	0
2095_g	32	0	839	11	29	0
2096_g	15	0	1365	8	22	0
2097_g	23	0	431	20	13	0
2098_g	13	0	281	12	15	0
2099_g	15	0	349	9	13	0
209_g	3	0	67	2	1	0
20_g	10	0	122	3	33	0
2100_g	3	0	58	1	10	0
2101_g	21	0	198	8	7	0
2102_g	3	0	87	0	2	0
2103_g	7	0	140	4	2	0
2104_g	29	0	596	11	15	0
2105_g	11	0	63	7	4	0
2106_g	0	0	44	0	0	0
2107_g	9	7	1081	24	36	0
2108_g	0	0	22	0	0	0
2109_g	0	0	13	0	0	0
210_g	0	0	51	2	0	0
2110_g	0	0	0	0	0	0
2111_g	0	0	0	0	0	0
2112_g	3	0	158	2	3	0
2113_g	0	0	39	0	0	0
2114_g	0	0	0	0	0	0
2115_g	0	0	0	0	0	0
2116_g	0	0	0	0	0	0
2117_g	0	0	0	0	0	0
2118_g	0	0	0	0	0	0
2119_g	0	0	0	0	0	0
211_g	6	9	106	50	77	0
2120_g	0	0	0	0	0	0
2121_g	0	0	0	0	0	0
2122_g	0	0	0	0	0	0
2123_g	0	0	1	0	0	0
2124_g	0	0	10	0	0	0
2125_g	0	0	0	0	0	0
2126_g	0	0	7	0	0	0
2127_g	0	0	100	0	0	0
2128_g	0	0	0	0	0	0
2129_g	0	0	18	4	2	0
212_g	76	104	116	84	47	0
2130_g	7	17	16	17	69	0
2131_g	0	0	28	0	0	0
2132_g	0	0	1	0	0	0
2133_g	0	0	26	0	0	0
2134_g	0	0	39	0	0	0
2135_g	0	0	84	0	0	0
2136_g	10	0	516	5	13	0
2137_g	0	0	110	0	0	0
2138_g	0	0	0	0	0	0
2139_g	0	0	146	0	0	0
213_g	1	0	136	4	1	0
2140_g	0	0	13	0	0	0
2141_g	0	0	19	0	0	0
2142_g	0	0	0	0	0	0
2143_g	0	0	11	0	0	0
2144_g	0	5	1	0	3	0
2145_g	8	6	32	8	8	0
2146_g	0	0	0	0	0	0
2147_g	0	0	32	1	0	0
2148_g	0	0	0	0	0	0
2149_g	0	0	31	0	0	0
214_g	4	0	147	11	6	0
2150_g	3	2	162	4	7	0
2151_g	11	0	88	3	0	0
2152_g	0	0	16	0	1	0
2153_g	10	3	3	12	14	0
2154_g	1	0	34	11	1	0
2155_g	10	0	146	17	16	0
2156_g	0	0	30	2	1	0
2157_g	0	0	15	0	0	0
2158_g	203	5	1419	266	267	0
2159_g	0	0	15	2	0	0
215_g	92	177	181	287	414	0
2160_g	0	0	47	0	0	0
2161_g	0	0	0	0	0	0
2162_g	0	0	5	0	0	0
2163_g	1	0	14	3	2	0
2164_g	0	0	88	0	2	0
2165_g	672	788	23	609	584	0
2166_g	33	36	24	0	0	0
2167_g	436	273	27	2	1	0
2168_g	0	0	3	0	0	0
2169_g	6	0	124	390	23	0
216_g	4	0	173	4	5	0
2170_g	6	0	149	641	44	0
2171_g	55	87	267	170	174	0
2172_g	0	0	2	0	0	0
2173_g	0	0	0	0	0	0
2174_g	0	0	6	0	0	0
2175_g	3	3	59	44	32	0
2176_g	0	10	13	3	5	0
2177_g	0	0	41	0	1	0
2178_g	1	0	65	0	0	0
2179_g	1	0	73	3	7	0
217_g	178	57	33	0	2	0
2180_g	7	0	153	4	12	0
2181_g	2	0	28	1	0	0
2182_g	1	0	127	6	12	0
2183_g	65	28	184	71	51	0
2184_g	23	53	182	20	96	0
2185_g	8	0	168	32	9	0
2186_g	47	600	363	1242	2189	0
2187_g	5	0	191	20	38	0
2188_g	670	1205	76	205	244	0
2189_g	19	7	146	5	4	0
218_g	6730	2884	82	225	463	0
2190_g	6	0	166	11	14	0
2191_g	2	0	167	2	5	0
2192_g	101	68	466	88	137	0
2193_g	17	0	520	9	19	0
2194_g	1	0	81	4	1	0
2195_g	1	0	51	1	0	0
2196_g	9	12	60	3	9	0
2197_g	1949	2308	98	3490	3958	0
2198_g	1	3	66	29	13	0
2199_g	1	0	56	16	17	0
219_g	4	8	57	5	8	0
21_g	8	18	112	8	8	0
2200_g	8	5	62	169	1254	0
2201_g	2	0	62	9	25	0
2202_g	1	0	107	1	3	0
2203_g	123	67	82	51	64	0
2204_g	2	0	90	3	2	0
2205_g	1	0	117	5	8	0
2206_g	3	0	37	2	1	0
2207_g	23	11	189	34	46	0
2208_g	4	0	76	0	4	0
2209_g	10	8	84	5	3	0
220_g	1650	1959	546	2777	2109	0
2210_g	10	30	16	4	0	0
2211_g	1	0	14	0	0	0
2212_g	1	0	29	1	0	0
2213_g	1	0	1	0	0	0
2214_g	90	64	26	4	4	0
2215_g	80	94	175	95	166	0
2216_g	160	265	294	319	182	0
2217_g	27	54	76	1022	1014	0
2218_g	2	0	19	1	1	0
2219_g	2	0	124	85	19	0
221_g	62	25	377	131	109	0
2220_g	26	19	247	69	114	0
2221_g	130	73	166	26	100	0
2222_g	184	336	219	518	419	0
2223_g	5	31	85	27	44	0
2224_g	81	66	179	91	69	0
2225_g	2	0	53	1	2	0
2226_g	104	44	51	141	116	0
2227_g	10972	22090	956	2712	6033	0
2228_g	7	1	50	3	1	0
2229_g	0	0	83	3	3	0
222_g	37	35	203	27	134	0
2230_g	196	317	252	329	311	0
2231_g	491	260	380	344	921	0
2232_g	1	0	90	4	4	0
2233_g	7	19	88	113	112	0
2234_g	1	0	48	1	3	0
2235_g	1	0	36	0	0	0
2236_g	1	0	37	2	2	0
2237_g	6	5	47	12	14	0
2238_g	0	0	144	165	27	0
2239_g	21	2	446	8	26	0
223_g	306	283	156	171	271	0
2240_g	36	27	238	623	488	0
2241_g	185	136	108	268	314	0
2242_g	53	123	87	59	129	0
2243_g	2	1	56	226	59	0
2244_g	3	5	62	144	46	0
2245_g	359	303	286	245	225	0
2246_g	8	0	108	62	38	0
2247_g	43	35	136	64	106	0
2248_g	1	0	62	2	6	0
2249_g	4	0	42	0	0	0
224_g	930	1034	86	522	448	0
2250_g	7	0	177	344	49	0
2251_g	2	0	96	2	15	0
2252_g	6	1	87	13	8	0
2253_g	51	37	298	202	121	0
2254_g	38	12	286	94	193	0
2255_g	2	0	56	38	28	0
2256_g	3	0	88	46	161	0
2257_g	3	3	52	2	2	0
2258_g	36	6	249	22	17	0
2259_g	32	10	155	45	35	0
225_g	23	15	64	66	57	0
2260_g	1	0	88	0	1	0
2261_g	580	325	99	240	470	0
2262_g	23	10	132	101	73	0
2263_g	1	0	36	0	7	0
2264_g	219	524	41	38	83	0
2265_g	28	22	425	20	98	0
2266_g	1	0	58	0	3	0
2267_g	0	0	59	3	18	0
2268_g	1	0	98	1	2	0
2269_g	0	0	50	3	0	0
226_g	0	0	52	4	13	0
2270_g	17	49	125	16	259	0
2271_g	0	0	51	0	1	0
2272_g	2	0	33	8	21	0
2273_g	22	16	112	30	74	0
2274_g	0	0	19	0	0	0
2275_g	23	13	183	337	97	0
2276_g	10	3	109	35	25	0
2277_g	16	16	64	11	21	0
2278_g	1	0	34	0	2	0
2279_g	9	0	118	6	23	0
227_g	581	493	486	961	1180	0
2280_g	2	0	53	1	0	0
2281_g	26	12	124	6	27	0
2282_g	2	0	168	8	8	0
2283_g	106	100	93	42	13	0
2284_g	187	170	273	562	324	0
2285_g	7	9	100	8	46	0
2286_g	372	127	106	237	185	0
2287_g	793	680	101	594	645	0
2288_g	56	14	119	40	31	0
2289_g	16	40	53	63	49	0
228_g	1	0	69	1	0	0
2290_g	44	41	88	41	54	0
2291_g	156	88	198	351	134	0
2292_g	2	0	79	4	0	0
2293_g	18	154	162	810	173	0
2294_g	209	169	161	103	89	0
2295_g	62	34	33	34	67	0
2296_g	2	0	69	1	2	0
2297_g	2	0	103	2	11	0
2298_g	0	0	64	0	1	0
2299_g	1	0	67	2	0	0
229_g	2	0	61	0	1	0
22_g	1	0	32	2	0	0
2300_g	350	309	162	479	566	0
2301_g	30	24	121	41	14	0
2302_g	24	88	44	16	83	0
2303_g	6	0	88	6	82	0
2304_g	4	0	57	0	1	0
2305_g	467	219	334	271	256	0
2306_g	301	127	26	50	10	0
2307_g	3	1	92	3	10	0
2308_g	11	0	142	29	1	0
2309_g	4	0	43	0	1	0
230_g	1	0	91	1	1	0
2310_g	6	0	192	4	68	0
2311_g	0	0	33	1	2	0
2312_g	0	0	16	0	0	0
2313_g	1	0	93	3	5	0
2314_g	135	72	68	2	15	0
2315_g	0	0	49	0	0	0
2316_g	9	0	569	1	1	0
2317_g	2	0	177	4	0	0
2318_g	4	0	64	0	0	0
2319_g	11	0	65	3	7	0
231_g	30	35	116	113	60	0
2320_g	36	55	155	37	43	0
2321_g	6	0	120	2	6	0
2322_g	22	39	222	73	81	0
2323_g	1	0	88	9	17	0
2324_g	7	1	50	15	38	0
2325_g	1	0	199	3	5	0
2326_g	18	4	161	45	63	0
2327_g	9	0	51	1	1	0
2328_g	2	0	102	2	1	0
2329_g	4	0	130	1	1	0
232_g	386	491	233	750	776	0
2330_g	5	0	201	2	6	0
2331_g	0	0	45	1	2	0
2332_g	1	0	67	2	1	0
2333_g	16	7	91	6	9	0
2334_g	18	21	61	71	60	0
2335_g	198	245	229	277	259	0
2336_g	7	6	32	15	6	0
2337_g	0	0	0	1	0	0
2338_g	20	3	54	16	22	6
2339_g	46	96	129	92	95	0
233_g	8	26	81	17	10	0
2340_g	8	5	105	15	14	1
2341_g	17	0	201	26	31	0
2342_g	243	456	326	528	396	0
2343_g	5	0	107	8	8	0
2344_g	0	0	45	3	4	0
2345_g	2	0	147	8	1	0
2346_g	186	226	119	242	259	0
2347_g	3	0	148	6	2	0
2348_g	1	0	66	2	3	0
2349_g	6	0	198	12	15	0
234_g	4	0	82	10	27	0
2350_g	13	0	92	10	11	0
2351_g	4	0	184	9	8	0
2352_g	1	0	129	3	6	0
2353_g	1	0	36	1	0	0
2354_g	1	0	162	1	3	0
2355_g	103	54	68	21	45	0
2356_g	34	4	124	18	26	2
2357_g	17	3	109	31	26	0
2358_g	11	2	30	11	12	0
2359_g	96	76	92	12	52	0
235_g	188	138	70	185	138	0
2360_g	7	2	197	16	49	0
2361_g	3	0	83	1	0	0
2362_g	2	0	99	2	1	0
2363_g	2	0	123	4	3	0
2364_g	2	0	146	3	67	0
2365_g	3	0	50	0	1	0
2366_g	7	0	243	5	3	0
2367_g	1	0	72	4	3	0
2368_g	0	0	37	0	3	0
2369_g	6	0	153	5	3	0
236_g	3	0	104	2	24	0
2370_g	1	0	41	2	3	0
2371_g	1	0	97	0	2	0
2372_g	2	0	95	3	3	0
2373_g	0	0	54	0	0	0
2374_g	7	0	279	7	15	0
2375_g	2	0	92	2	4	0
2376_g	4	0	75	3	3	0
2377_g	7	0	178	10	2	0
2378_g	2	0	65	3	0	0
2379_g	202	113	167	194	155	0
237_g	0	0	37	1	0	0
2380_g	130	150	782	120	87	0
2381_g	95	42	121	60	59	0
2382_g	49	50	62	22	24	0
2383_g	0	0	84	1	1	0
2384_g	4	0	80	5	17	0
2385_g	0	0	0	0	0	0
2386_g	1	0	15	0	1	0
2387_g	8	0	179	8	4	1
2388_g	6	0	153	6	6	0
2389_g	4	0	120	6	4	0
238_g	2	0	49	237	53	0
2390_g	0	0	54	1	1	0
2391_g	7	2	182	8	10	0
2392_g	0	0	72	1	0	0
2393_g	10	6	19	18	64	0
2394_g	2	0	21	1	0	0
2395_g	141	99	248	180	179	0
2396_g	4	1	192	3	6	0
2397_g	2	0	90	0	4	0
2398_g	4	0	130	1	2	0
2399_g	1	0	13	0	0	0
239_g	2	0	109	3	2	0
23_g	2	0	51	4	2	0
2400_g	0	0	0	0	0	0
2401_g	0	0	19	0	1	0
2402_g	3	0	29	0	1	0
2403_g	4	0	51	0	1	0
2404_g	0	0	59	4	0	0
2405_g	1	0	64	0	1	0
2406_g	1	0	117	1	0	0
2407_g	5	0	150	3	9	0
2408_g	0	0	55	1	4	0
2409_g	2	0	75	1	2	0
240_g	0	0	57	1	0	0
2410_g	4	0	112	3	2	0
2411_g	7	0	182	5	3	0
2412_g	59	15	67	1	10	0
2413_g	45	10	63	59	43	0
2414_g	0	0	41	7	6	0
2415_g	0	0	18	0	0	0
2416_g	0	0	4	1	1	0
2417_g	0	0	25	1	0	0
2418_g	11	22	107	24	56	0
2419_g	268	458	59	183	651	0
241_g	244	19	3582	6747	254	0
2420_g	32	37	45	41	137	0
2421_g	6	0	13	6	9	0
2422_g	1	0	2	1	0	0
2423_g	0	0	0	0	0	0
2424_g	0	6	0	0	0	0
2425_g	4	1	45	8	11	0
2426_g	0	0	53	3	2	0
2427_g	40	59	70	189	18	0
2428_g	2	0	181	5	1	0
2429_g	6	0	216	7	2	0
242_g	0	0	45	0	0	0
2430_g	4	2	193	7	4	0
2431_g	7	0	171	1	7	0
2432_g	5	3	106	381	42	0
2433_g	6	0	111	10	6	0
2434_g	296	368	66	165	117	0
2435_g	141	112	96	337	299	0
2436_g	271	321	245	203	328	0
2437_g	2658	2386	62	1177	927	0
2438_g	2	0	67	4	2	0
2439_g	47	51	198	174	122	0
243_g	13	36	64	7	10	0
2440_g	0	0	45	0	0	0
2441_g	423	330	135	248	182	0
2442_g	3	0	101	3	0	0
2443_g	68	123	186	1174	1790	0
2444_g	1	0	35	0	1	0
2445_g	1	0	138	1	2	0
2446_g	2	0	76	67	24	0
2447_g	14	21	81	21	21	0
2448_g	33	5	183	54	63	0
2449_g	218	462	36	61	92	0
244_g	103	129	199	103	76	0
2450_g	0	0	44	1	2	0
2451_g	3	0	107	3	1	0
2452_g	20	14	112	58	228	0
2453_g	6	0	124	51	24	0
2454_g	127	82	96	189	205	0
2455_g	309	484	511	214	405	0
2456_g	542	361	118	1391	1533	0
2457_g	6	20	55	29	76	0
2458_g	5	0	71	35	78	0
2459_g	4	0	45	17	25	0
245_g	2	0	37	0	4	0
2460_g	54	39	124	30	78	0
2461_g	2	9	17	0	2	0
2462_g	0	0	1	0	0	0
2463_g	0	0	4	0	0	0
2464_g	3	0	2	0	3	0
2465_g	3	0	23	0	3	0
2466_g	59	70	319	355	237	0
2467_g	1	0	21	1	0	0
2468_g	762	418	187	106	302	0
2469_g	49	15	21	8	1	0
246_g	1	0	26	1	0	0
2470_g	10	17	87	20	20	0
2471_g	22	88	64	128	36	0
2472_g	3863	3300	163	73	51	0
2473_g	22	23	232	88	97	0
2474_g	27	27	344	151	170	0
2475_g	540	428	109	586	402	0
2476_g	189	192	705	671	388	0
2477_g	3	0	82	2	9	0
2478_g	9	0	108	0	66	0
2479_g	0	0	25	2	1	0
247_g	11	0	92	30	2	0
2480_g	0	3	71	7	4	0
2481_g	3	0	71	34	155	0
2482_g	0	0	47	4	0	0
2483_g	10	0	198	57	77	0
2484_g	242	357	150	603	575	0
2485_g	2	0	51	0	0	0
2486_g	170	272	86	319	466	0
2487_g	11	29	96	172	174	0
2488_g	116	83	398	588	376	0
2489_g	10206	26319	286	1237	1289	0
248_g	17	0	175	39	9	0
2490_g	30	17	151	53	84	0
2491_g	22	30	82	5	9	0
2492_g	0	0	38	0	0	0
2493_g	35	30	137	146	133	0
2494_g	5	3	80	2	3	0
2495_g	28	10	104	101	134	0
2496_g	23	8	157	3	239	0
2497_g	2693	1695	139	202	101	0
2498_g	313	78	16	21	18	0
2499_g	0	0	14	0	1	0
249_g	190	150	88	95	100	0
24_g	7	0	86	1	5	0
2500_g	14	2	157	9	6	0
2501_g	31	38	224	100	96	0
2502_g	174	246	402	38	302	0
2503_g	49	58	72	16	21	0
2504_g	19	0	313	5	8	0
2505_g	10	0	172	157	388	0
2506_g	71	101	295	178	69	0
2507_g	9	0	278	6	36	0
2508_g	3	0	137	2	2	0
2509_g	13	3	77	53	915	0
250_g	326	397	465	672	952	0
2510_g	10	1	267	187	431	0
2511_g	0	0	54	14	12	0
2512_g	0	0	19	2	17	0
2513_g	0	0	9	1	28	0
2514_g	3	0	59	0	0	0
2515_g	12	31	76	23	13	0
2516_g	4	0	70	14	5	0
2517_g	112	228	427	456	470	0
2518_g	12	6	117	5	2	0
2519_g	13	3	242	96	72	0
251_g	5	0	75	1	1	0
2520_g	490	652	440	114	173	0
2521_g	33	20	206	86	67	0
2522_g	6	8	246	66	35	0
2523_g	323	212	240	476	195	0
2524_g	108	185	381	332	282	0
2525_g	772	446	247	1020	1110	0
2526_g	213	151	144	827	965	0
2527_g	132	69	213	72	79	0
2528_g	0	0	32	0	0	0
2529_g	1	0	31	2	3	0
252_g	2	0	48	1	2	0
2530_g	0	0	63	1	3	0
2531_g	2	0	95	35	14	0
2532_g	40	44	240	1267	646	0
2533_g	2	0	89	5	48	0
2534_g	62	129	181	64	129	0
2535_g	354	130	105	185	234	0
2536_g	1	0	123	2	4	0
2537_g	0	0	18	0	0	0
2538_g	149	151	117	139	129	0
2539_g	9	12	61	29	35	0
253_g	0	0	15	1	0	0
2540_g	1	0	29	1	1	0
2541_g	89	38	124	141	296	0
2542_g	21	0	124	206	99	0
2543_g	40	24	140	28	17	0
2544_g	742	695	297	753	569	0
2545_g	68	41	96	42	40	0
2546_g	3	0	122	1	5	0
2547_g	0	0	13	1	0	0
2548_g	0	0	12	0	0	0
2549_g	0	0	5	0	0	0
254_g	130	36	20	0	1	0
2550_g	0	0	17	0	0	0
2551_g	0	0	1	0	1	0
2552_g	1	0	47	85	48	0
2553_g	0	0	26	4	0	0
2554_g	32	8	72	179	213	0
2555_g	1	0	40	0	3	0
2556_g	0	0	55	1	1	0
2557_g	18	6	180	40	37	0
2558_g	5	0	114	6	11	0
2559_g	12	8	214	54	50	0
255_g	3	0	110	164	267	0
2560_g	12	11	122	18	10	0
2561_g	0	0	56	3	6	0
2562_g	5	0	339	17	14	0
2563_g	0	0	65	6	3	0
2564_g	58	55	337	79	49	0
2565_g	4	0	57	3	2	0
2566_g	11	0	183	30	11	0
2567_g	5	0	139	2	114	0
2568_g	14	3	342	24	428	0
2569_g	7	5	68	116	101	0
256_g	0	0	60	0	0	0
2570_g	0	0	58	1	0	0
2571_g	1	0	58	0	0	0
2572_g	7	11	50	6	4	0
2573_g	0	0	108	1	3	0
2574_g	0	0	26	0	1	0
2575_g	5	8	60	4	7	0
2576_g	1	0	18	0	0	0
2577_g	2	0	102	2	1	0
2578_g	2	0	65	0	3	0
2579_g	2	0	76	2	0	0
257_g	769	822	124	488	971	0
2580_g	0	0	73	3	1	0
2581_g	186	244	73	987	1769	0
2582_g	1	0	65	6	1	0
2583_g	12	3	204	39	12	0
2584_g	3	0	107	1	2	0
2585_g	30	4	77	53	44	0
2586_g	3	7	53	0	71	0
2587_g	0	0	44	0	0	0
2588_g	2	0	151	14	7	0
2589_g	36	189	108	153	58	0
258_g	1	0	47	1	0	0
2590_g	122	581	12	381	136	0
2591_g	0	0	0	0	0	0
2592_g	1	0	66	17	5	0
2593_g	23	8	159	53	132	0
2594_g	9	0	218	102	87	0
2595_g	1030	1398	129	467	335	0
2596_g	1	3	46	19	10	0
2597_g	27	40	177	144	95	0
2598_g	243	302	104	133	142	0
2599_g	145	83	108	504	679	0
259_g	2	0	84	2	2	0
25_g	270	329	343	241	383	0
2600_g	18	7	88	54	108	0
2601_g	0	0	0	0	2	0
2602_g	5	0	284	17	6	0
2603_g	2	0	58	3	2	0
2604_g	0	0	26	1	0	0
2605_g	320	298	230	203	239	0
2606_g	2	4	50	8	1	0
2607_g	0	0	88	10	6	0
2608_g	5	0	75	16	10	0
2609_g	51	32	291	186	134	0
260_g	11	0	207	3	0	0
2610_g	35	37	196	98	68	0
2611_g	0	0	41	0	0	0
2612_g	2	0	34	1	0	0
2613_g	0	0	47	357	177	0
2614_g	0	0	26	1	3	0
2615_g	14	5	60	0	1	0
2616_g	3	0	116	1	11	0
2617_g	1	1	109	3	12	0
2618_g	250	290	134	333	363	0
2619_g	1	1	89	7	6	0
261_g	8	0	139	9	7	0
2620_g	5	0	117	32	29	0
2621_g	30	26	195	4	54	0
2622_g	443	579	31	0	0	0
2623_g	2	8	32	0	1	0
2624_g	0	0	0	0	0	0
2625_g	1	0	3	0	0	0
2626_g	7	0	43	0	0	0
2627_g	3	0	136	331	287	0
2628_g	13	7	128	15	31	0
2629_g	1	0	61	21	14	0
262_g	2	0	34	0	1	0
2630_g	6	2	79	15	16	0
2631_g	2	1	60	6	8	0
2632_g	10	3	130	38	12	0
2633_g	2	0	33	9	7	0
2634_g	1	6	65	69	164	0
2635_g	67	53	79	50	60	0
2636_g	37	76	109	53	66	0
2637_g	1	0	55	1	1	0
2638_g	254	202	184	500	525	0
2639_g	158	123	233	1764	344	0
263_g	8	0	204	7	5	0
2640_g	1	0	24	0	2	0
2641_g	14	12	79	4	51	0
2642_g	320	219	246	106	89	0
2643_g	9	0	26	7	1	0
2644_g	9	0	27	5	6	0
2645_g	70	56	16	9	7	0
2646_g	315	195	34	29	40	0
2647_g	15	23	174	171	108	0
2648_g	5	0	65	1	1	0
2649_g	4	0	52	38	9	0
264_g	8	0	209	6	4	0
2650_g	1188	599	45	531	388	0
2651_g	7	0	72	6	2	0
2652_g	5	0	100	4	1	0
2653_g	0	0	47	0	1	0
2654_g	0	0	0	0	0	0
2655_g	0	0	32	1	0	0
2656_g	1	0	85	2	3	0
2657_g	0	0	16	0	0	0
2658_g	4	6	14	10	11	0
2659_g	5	0	198	6	16	0
265_g	3	0	72	1	0	0
2660_g	0	0	2	4	1	0
2661_g	0	0	0	0	0	0
2662_g	246	213	25	118	251	0
2663_g	39	47	61	3	8	0
2664_g	2	0	50	3	2	0
2665_g	61	44	138	35	31	0
2666_g	0	0	16	2	1	0
2667_g	0	0	10	0	0	0
2668_g	0	1	16	0	0	0
2669_g	0	0	0	0	0	0
266_g	3	0	28	3	1	0
2670_g	7	6	23	11	1	0
2671_g	11	16	16	2	1	0
2672_g	1	0	25	3	4	0
2673_g	39	53	65	63	51	0
2674_g	3	0	39	1	1	0
2675_g	5	0	138	4	2	0
2676_g	0	0	42	0	0	0
2677_g	1	0	19	5	3	0
2678_g	2	0	56	3	1	0
2679_g	2	0	61	1	2	0
267_g	2	0	39	2	0	0
2680_g	68	87	217	25	27	0
2681_g	7	0	108	5	0	0
2682_g	13	8	100	16	9	0
2683_g	17	8	127	270	20	0
2684_g	1	0	43	5	0	0
2685_g	1	0	189	9	6	0
2686_g	9	0	181	2	5	0
2687_g	3	0	52	3	0	0
2688_g	4	12	130	13	10	0
2689_g	0	0	0	0	0	0
268_g	3	0	180	10	3	0
2690_g	2	0	27	0	0	0
2691_g	0	0	18	1	0	0
2692_g	1	0	25	0	0	0
2693_g	0	0	22	0	3	0
2694_g	151	106	189	195	26	0
2695_g	0	0	0	0	1	0
2696_g	1	0	87	1	4	0
2697_g	2	0	41	7	4	0
2698_g	6	0	94	8	4	0
2699_g	1	7	19	92	51	0
269_g	16	0	334	7	11	0
26_g	0	0	41	0	0	0
2700_g	9	27	51	150	109	0
2701_g	270	526	198	817	228	0
2702_g	1	1	47	173	198	0
2703_g	45	62	36	60	67	0
2704_g	29	24	30	7	5	0
2705_g	9	6	72	7	6	0
2706_g	2	0	34	2	0	0
2707_g	4	0	30	17	5	0
2708_g	1	1	1	0	0	0
2709_g	0	0	9	0	0	0
270_g	1	0	83	1	1	0
2710_g	0	0	0	0	0	0
2711_g	0	0	0	0	0	0
2712_g	0	0	0	0	0	0
2713_g	0	0	37	1	0	0
2714_g	0	0	38	0	0	0
2715_g	2	0	35	0	1	0
2716_g	8	0	202	6	4	0
2717_g	6	0	110	13	16	0
2718_g	17	30	162	11	27	0
2719_g	13	28	164	2	17	0
271_g	1	0	127	1	5	0
2720_g	0	0	22	0	0	0
2721_g	0	0	0	0	0	0
2722_g	0	0	0	0	0	0
2723_g	0	0	10	1	0	0
2724_g	1	0	6	1	2	0
2725_g	6	26	44	12	8	0
2726_g	32	26	387	161	118	0
2727_g	4	0	90	20	9	0
2728_g	2	0	69	1	1	0
2729_g	11	2	90	132	793	0
272_g	1	0	71	1	1	0
2730_g	58	22	42	16	26	0
2731_g	0	0	0	0	0	0
2732_g	0	0	43	0	0	0
2733_g	371	294	117	122	96	0
2734_g	43	52	84	65	49	0
2735_g	4	0	179	8	7	0
2736_g	4	0	179	5	3	0
2737_g	4	5	86	15	6	0
2738_g	4	0	88	3	2	0
2739_g	2	0	141	0	2	0
273_g	5	0	162	6	4	0
2740_g	0	0	9	0	1	0
2741_g	0	0	41	0	0	0
2742_g	0	0	0	0	0	0
2743_g	1	0	100	1	1	0
2744_g	1	0	63	4	3	0
2745_g	18	11	379	63	149	0
2746_g	16	21	170	115	78	0
2747_g	0	0	94	2	2	0
2748_g	0	0	118	2	3	0
2749_g	2	0	49	14	7	0
274_g	2	0	97	6	1	0
2750_g	2	2	47	14	12	0
2751_g	0	0	37	0	6	0
2752_g	118	150	150	120	126	0
2753_g	1	0	55	4	0	0
2754_g	0	0	3	0	1	0
2755_g	0	0	37	1	2	0
2756_g	118	96	53	34	97	0
2757_g	4	0	127	2	9	0
2758_g	1	0	33	0	1	0
2759_g	0	0	9	4	2	0
275_g	1	0	23	0	0	0
2760_g	0	0	20	7	1	0
2761_g	1	0	83	3	0	0
2762_g	0	0	77	3	1	0
2763_g	1	0	120	3	1	0
2764_g	79	33	111	68	26	0
2765_g	8	14	8	7	2	0
2766_g	31	7	6	14	18	0
2767_g	8	5	3	1	5	0
2768_g	1	0	46	48	26	0
2769_g	0	0	13	0	0	0
276_g	0	0	40	2	1	0
2770_g	0	0	4	0	0	0
2771_g	0	0	0	0	0	0
2772_g	0	0	0	0	0	0
2773_g	4	1	250	26	18	0
2774_g	5	1	102	12	6	0
2775_g	5	7	142	4	8	0
2776_g	13	0	301	9	49	0
2777_g	1	0	172	6	8	0
2778_g	12	24	8	11	10	0
2779_g	3	18	3	2	6	0
277_g	2	0	135	1	2	0
2780_g	13	33	36	12	22	0
2781_g	0	1	4	2	2	0
2782_g	2	0	46	5	8	0
2783_g	19	0	463	9	9	0
2784_g	0	0	37	1	1	0
2785_g	6	0	130	0	1	0
2786_g	5	0	137	0	2	0
2787_g	32	0	750	10	27	0
2788_g	16	0	375	12	14	0
2789_g	5	0	142	1	5	0
278_g	0	0	105	6	1	0
2790_g	14	0	256	10	9	0
279_g	7	0	398	10	14	0
27_g	249	157	212	230	156	0
280_g	2	0	42	0	1	0
281_g	6	0	163	7	1	0
282_g	3	0	109	0	0	0
283_g	4	0	93	2	4	0
284_g	592	571	256	473	456	0
285_g	22	0	127	17	16	0
286_g	130	112	127	126	99	0
287_g	7	12	39	7	2	0
288_g	103	91	88	148	137	0
289_g	7	0	145	4	63	0
28_g	11	0	68	19	2	0
290_g	2	0	42	0	0	0
291_g	0	0	66	0	0	0
292_g	5	0	67	6	0	0
293_g	258	289	355	707	655	0
294_g	0	0	39	0	1	0
295_g	5	1	94	8	20	0
296_g	4	7	122	23	8	0
297_g	115	41	248	225	127	0
298_g	0	0	39	1	0	0
299_g	0	0	52	0	0	0
29_g	56	26	157	127	66	0
2_g	541	1179	186	122	101	0
300_g	0	0	4	0	0	0
301_g	0	0	12	0	0	0
302_g	5	0	78	6	5	0
303_g	4	1	105	21	25	0
304_g	2	0	41	1	6	0
305_g	0	0	65	0	4	0
306_g	27	33	58	1	1	0
307_g	4	0	73	4	3	0
308_g	4	0	72	0	0	0
309_g	5	0	99	4	7	0
30_g	3	0	61	3	1	0
310_g	51	50	280	120	80	0
311_g	0	0	92	0	1	0
312_g	42	22	282	340	126	0
313_g	4	0	110	1	0	0
314_g	7	0	164	4	6	0
315_g	1	0	34	2	2	0
316_g	1	0	21	1	2	0
317_g	2	0	131	3	3	0
318_g	1	0	49	0	3	0
319_g	3	0	146	2	3	0
31_g	5	0	79	3	2	0
320_g	3	0	77	4	1	0
321_g	3	0	35	1	0	0
322_g	124	212	94	126	91	0
323_g	1	0	71	2	1	0
324_g	1	0	69	21	9	0
325_g	18	4	81	13	3	0
326_g	5	1	143	4	3	0
327_g	3	0	58	23	5	0
328_g	18	13	98	361	34	0
329_g	1104	1508	256	1486	692	0
32_g	0	0	78	3	3	0
330_g	54	35	193	74	57	0
331_g	2	0	38	58	12	0
332_g	6	56	51	3657	1000	0
333_g	3	0	107	30	11	0
334_g	78	67	357	173	211	0
335_g	1	0	62	5	4	0
336_g	62	61	125	185	152	0
337_g	25	10	561	17	22	0
338_g	41	74	70	51	46	0
339_g	0	0	25	2	0	0
33_g	1	0	55	0	1	0
340_g	9	0	50	4	9	0
341_g	1	0	46	2	0	0
342_g	0	0	16	183	64	0
343_g	41	48	29	62	48	0
344_g	1	0	172	0	2	0
345_g	29	34	253	138	18	0
346_g	126	193	325	179	75	0
347_g	284	268	270	1837	713	0
348_g	46	16	157	26	21	0
349_g	9	1	286	16	19	0
34_g	0	0	42	0	0	0
350_g	2	0	34	8	4	0
351_g	1842	1894	279	3620	4371	0
352_g	887	650	220	1144	1037	0
353_g	15	3	200	146	149	0
354_g	4	2	64	132	15	0
355_g	1	0	60	31	31	0
356_g	1	0	71	501	87	0
357_g	18	3	229	22	42	0
358_g	4	0	75	41	4	0
359_g	4	0	134	90	188	0
35_g	0	0	126	1	0	0
360_g	4	0	109	3	2	0
361_g	5	1	124	27	8	0
362_g	420	494	277	2173	1098	0
363_g	133	120	318	73	71	0
364_g	292	171	327	542	523	0
365_g	98	61	36	19	10	0
366_g	30	22	41	59	26	0
367_g	95	93	215	7	25	0
368_g	0	0	45	1	1	0
369_g	25	0	373	33	51	0
36_g	0	0	30	0	0	0
370_g	316	447	248	2507	1809	0
371_g	0	0	0	0	0	0
372_g	6	19	98	54	22	0
373_g	25	23	103	1	5	0
374_g	3	5	46	0	1	0
375_g	9	7	18	1	1	0
376_g	12	3	87	5	8	0
377_g	4	5	86	6	3	0
378_g	866	837	382	931	986	0
379_g	4	0	38	270	826	0
37_g	1	0	26	2	5	0
380_g	1	0	41	14	6	0
381_g	5	0	96	4	3	0
382_g	0	0	98	3	3	0
383_g	186	273	600	624	716	0
384_g	5	2	76	6	7	0
385_g	0	0	51	1	1	0
386_g	0	0	44	3	1	0
387_g	819	688	289	965	922	0
388_g	1	0	65	7	18	0
389_g	2	1	139	51	33	0
38_g	5	0	72	1	1	0
390_g	5	0	131	3	2	0
391_g	2	0	95	2	1	0
392_g	100	57	35	299	513	0
393_g	1	0	23	0	0	0
394_g	0	0	29	1	1	0
395_g	1	0	28	0	0	0
396_g	5	0	243	3	6	0
397_g	0	0	1	0	0	0
398_g	0	0	27	0	0	0
399_g	0	0	21	0	0	0
39_g	2	0	144	6	3	0
3_g	1	0	90	2	0	0
400_g	2	0	36	0	1	0
401_g	13	11	77	33	7	0
402_g	59	52	134	60	37	0
403_g	1	0	100	0	2	0
404_g	133	186	158	136	188	0
405_g	28	57	166	12	18	0
406_g	3	0	48	6	5	0
407_g	405	550	264	118	111	0
408_g	88	88	192	90	70	0
409_g	261	573	186	224	169	0
40_g	3	0	40	1	3	0
410_g	18	10	116	41	18	0
411_g	16	5	277	25	9	0
412_g	17	16	310	139	270	0
413_g	9	2	171	154	278	0
414_g	22	29	25	55	53	0
415_g	2	0	85	1	1	0
416_g	23	9	253	133	572	0
417_g	6	0	58	0	2	0
418_g	0	4	55	162	50	0
419_g	1	0	42	0	1	0
41_g	1	0	57	1	2	0
420_g	1	0	89	0	2	0
421_g	3	0	27	1	2	0
422_g	0	0	15	0	1	0
423_g	8	1	29	15	12	0
424_g	0	0	20	15	4	0
425_g	0	0	58	3	2	0
426_g	144	164	48	19	2	0
427_g	1	6	31	9	8	0
428_g	11	0	187	4	6	0
429_g	3	0	166	10	18	0
42_g	73	116	127	201	428	0
430_g	4	6	91	4	8	0
431_g	0	0	70	0	0	0
432_g	321	246	300	2173	1333	0
433_g	6	0	108	0	10	0
434_g	2	0	176	5	3	0
435_g	1	0	36	0	3	0
436_g	1	0	63	17	2	0
437_g	25	55	112	199	701	0
438_g	3	0	114	1	1	0
439_g	37	60	128	44	43	0
43_g	108	241	269	133	144	0
440_g	1027	800	267	745	843	0
441_g	75	60	101	232	145	0
442_g	126	95	60	250	545	0
443_g	19	2	515	16	21	0
444_g	102	82	371	262	306	0
445_g	8	29	27	33	11	0
446_g	3	0	40	13	8	0
447_g	0	0	40	5	0	0
448_g	5	0	41	5	1	0
449_g	63	145	14	6	0	0
44_g	14	1	120	32	20	0
450_g	0	0	28	0	0	0
451_g	0	0	48	1	3	0
452_g	0	0	90	0	1	0
453_g	0	0	82	3	4	0
454_g	0	0	15	0	3	0
455_g	0	0	76	0	3	0
456_g	293	349	152	186	171	0
457_g	38	29	255	255	177	0
458_g	0	0	55	0	1	0
459_g	153	494	458	465	375	0
45_g	182	511	272	233	241	0
460_g	104	102	195	248	221	0
461_g	2	0	159	3	3	0
462_g	9	0	230	6	26	0
463_g	4	0	114	2	21	0
464_g	2544	1729	318	156	137	0
465_g	9218	5281	203	1616	2315	0
466_g	20	25	381	143	106	0
467_g	1	0	63	28	45	0
468_g	18	0	346	888	1309	0
469_g	20	49	232	58	19	0
46_g	12	6	143	15	14	0
470_g	34	57	119	44	22	0
471_g	2	0	38	0	2	0
472_g	1	0	42	1	10	0
473_g	117	40	191	68	99	0
474_g	254	367	146	165	305	0
475_g	117	221	337	190	178	0
476_g	0	0	1	0	0	0
477_g	3	5	60	13	5	0
478_g	1	0	79	0	2	0
479_g	540	452	128	23	72	0
47_g	309	427	379	329	311	0
480_g	0	0	35	0	0	0
481_g	0	0	35	1	2	0
482_g	2	0	78	3	4	0
483_g	0	0	47	1	0	0
484_g	4	0	96	0	7	0
485_g	3	0	51	2	4	0
486_g	56	21	94	28	44	0
487_g	2	0	41	1	2	0
488_g	5	0	109	2	4	0
489_g	0	0	99	8	5	0
48_g	83	16	228	48	53	0
490_g	219	143	313	85	76	0
491_g	0	0	51	1	6	0
492_g	4	0	81	1	1	0
493_g	77	85	227	701	176	0
494_g	23	68	64	11	56	0
495_g	1	0	45	29	137	0
496_g	0	0	21	11	63	0
497_g	22	10	9	17	7	0
498_g	3	0	35	0	2	0
499_g	0	0	3	0	0	0
49_g	980	781	618	560	574	0
4_g	1	0	54	0	0	0
500_g	0	0	6	0	0	0
501_g	15	0	129	24	20	0
502_g	1	13	75	29	14	0
503_g	0	0	10	0	0	0
504_g	4	0	68	7	49	0
505_g	2	0	58	3	3	0
506_g	332	595	257	309	434	0
507_g	1	0	66	1	0	0
508_g	1	0	77	2	2	0
509_g	141	135	446	629	550	0
50_g	4	0	126	3	7	0
510_g	0	0	34	27	9	0
511_g	1	0	138	1	4	0
512_g	0	0	18	0	0	0
513_g	1	0	59	2	0	0
514_g	3	0	43	1	3	0
515_g	0	0	1	0	0	0
516_g	0	0	31	0	0	0
517_g	0	0	8	0	0	0
518_g	0	0	18	0	0	0
519_g	0	0	17	4	0	0
51_g	2	4	48	10	11	0
520_g	0	0	9	1	0	0
521_g	0	0	36	1	0	0
522_g	10	0	241	2	15	0
523_g	21	8	292	29	34	0
524_g	67	261	133	73	98	0
525_g	64	97	185	244	148	0
526_g	47	0	64	8	23	0
527_g	4	16	46	33	32	0
528_g	7	19	136	48	51	0
529_g	20	18	109	32	30	0
52_g	176	482	346	847	978	0
530_g	183	208	125	360	430	0
531_g	8	2	79	54	28	0
532_g	267	554	470	1042	634	0
533_g	12	0	188	5407	324	0
534_g	117	141	251	122	141	0
535_g	53	69	115	66	50	0
536_g	7	7	49	0	0	0
537_g	59	24	113	2	1	0
538_g	40080	54753	83	7	42	0
539_g	3	0	98	7	28	0
53_g	50	7	246	12	10	0
540_g	3	0	47	1	2	0
541_g	2	0	107	4	4	0
542_g	0	0	16	5	3	0
543_g	0	0	36	1	1	0
544_g	1	0	124	2	2	0
545_g	1231	1933	252	1203	1383	0
546_g	28	37	85	291	305	0
547_g	1	0	60	3	0	0
548_g	1	0	55	0	1	0
549_g	1	0	71	1	0	0
54_g	2	0	106	2	2	0
550_g	2	0	63	0	3	0
551_g	0	0	67	1	1	0
552_g	1	0	42	1	0	0
553_g	0	0	68	0	1	0
554_g	4	0	146	5	3	0
555_g	1	0	81	1	0	0
556_g	0	0	81	0	1	0
557_g	4	0	193	4	11	0
558_g	81	67	69	467	237	0
559_g	2	0	118	4	2	0
55_g	3	0	85	2	0	0
560_g	317	225	30	190	318	0
561_g	1	0	68	0	2	0
562_g	0	0	7	1	0	0
563_g	0	0	0	0	0	0
564_g	0	0	0	0	0	0
565_g	2	0	97	12	1	0
566_g	1	0	115	403	283	0
567_g	0	0	19	1	0	0
568_g	2	0	65	10	3	0
569_g	1	1	26	0	6	0
56_g	4	7	188	245	33	0
570_g	17	15	26	23	43	0
571_g	0	0	30	0	0	0
572_g	0	0	47	0	1	0
573_g	0	0	23	0	0	0
574_g	0	0	17	0	0	0
575_g	12	48	36	128	214	0
576_g	23	16	180	255	420	0
577_g	185	144	127	356	305	0
578_g	2235	1013	16	176	88	0
579_g	14	0	362	349	159	0
57_g	0	0	57	2	1	0
580_g	620	542	128	518	749	0
581_g	88	75	148	84	118	0
582_g	6	0	151	17	52	0
583_g	29	24	444	68	41	0
584_g	11	6	176	22	23	0
585_g	36	25	245	58	38	0
586_g	3	0	31	6	2	0
587_g	150	152	33	163	278	0
588_g	15	9	29	17	32	0
589_g	1	0	5	1	0	0
58_g	1	0	53	1	1	0
590_g	9	0	126	2	2	0
591_g	38	1	204	17	7	0
592_g	39	28	73	29	28	0
593_g	1076	858	73	1235	1766	0
594_g	1056	1327	503	96	161	0
595_g	0	0	27	0	0	0
596_g	2	0	117	1	4	0
597_g	3	0	40	0	10	0
598_g	157	255	352	1208	964	0
599_g	3	7	68	0	4	0
59_g	5	0	71	11	2	0
5_g	0	0	96	1	3	0
600_g	2	0	18	4	2	0
601_g	71	98	22	150	278	0
602_g	1	2	13	1	1	0
603_g	1	0	9	0	1	0
604_g	6	0	278	10	9	0
605_g	7	0	76	2	2	0
606_g	5	0	106	3	117	0
607_g	3	0	126	1	3	0
608_g	15	1	258	12	19	0
609_g	6	0	214	7	10	0
60_g	0	0	34	8	2	0
610_g	19	25	192	101	92	0
611_g	14	6	192	48	23	0
612_g	2	0	120	4	3	0
613_g	1	0	139	4	7	0
614_g	1	0	63	3	1	0
615_g	3	0	120	1	66	0
616_g	0	0	77	5	22	0
617_g	401	549	135	188	303	0
618_g	3	0	32	3	0	0
619_g	26	30	276	229	1420	0
61_g	4	0	76	2	1	0
620_g	224	425	26	31	159	0
621_g	495	1193	46	13274	4592	0
622_g	261	220	143	1530	1725	0
623_g	12	1	217	16	75	0
624_g	1	0	40	1	2	0
625_g	1	0	80	0	4	0
626_g	614	386	104	674	770	0
627_g	10	10	166	1623	380	0
628_g	2	0	51	3	8	0
629_g	3	0	199	2	3	0
62_g	16	0	345	11	9	0
630_g	0	0	27	0	0	0
631_g	0	0	33	0	0	0
632_g	2	0	59	0	0	0
633_g	385	207	32	17	5	0
634_g	0	0	9	0	0	0
635_g	5	0	134	17	242	0
636_g	38	20	121	2600	4372	0
637_g	0	0	31	2	0	0
638_g	1	0	40	1	0	0
639_g	0	0	55	1	0	0
63_g	21	0	467	23	19	0
640_g	62	7	981	48	94	0
641_g	0	0	17	0	0	0
642_g	0	0	34	0	0	0
643_g	420	690	62	26	34	0
644_g	569	387	158	245	270	0
645_g	7	4	62	125	40	0
646_g	364	651	218	276	237	0
647_g	11	0	189	4	2	0
648_g	428	143	141	356	253	0
649_g	216	477	85	274	353	0
64_g	13	0	145	2	12	0
650_g	28	31	172	45	61	0
651_g	21	1	204	58	96	0
652_g	12	6	97	6	3	0
653_g	4	0	115	8	7	0
654_g	8	5	52	3	4	0
655_g	4	0	67	7	3	0
656_g	6	2	152	13	30	0
657_g	443	249	172	82	73	0
658_g	3	1	261	3	4	0
659_g	10	8	40	6	1	0
65_g	4	0	131	3	10	0
660_g	0	0	11	5	4	0
661_g	1	0	12	0	2	0
662_g	0	0	0	0	0	0
663_g	0	0	18	0	0	0
664_g	0	0	12	0	0	0
665_g	0	0	16	0	0	0
666_g	3	1	36	0	30	0
667_g	5	2	12	0	4	0
668_g	204	321	25	203	273	0
669_g	2	0	27	7	29	0
66_g	1	0	67	2	0	0
670_g	0	0	1	0	0	0
671_g	2	0	38	11	18	0
672_g	1	0	55	7	14	0
673_g	1130	1336	193	997	1148	0
674_g	8	0	134	32	120	0
675_g	3	0	142	5	2	0
676_g	74	170	93	426	596	0
677_g	2	0	69	7	6	0
678_g	2	0	43	3	2	0
679_g	122	109	195	23	61	0
67_g	7	0	108	0	0	0
680_g	5	20	140	5	25	0
681_g	26	29	251	174	75	0
682_g	983	2551	137	453	261	0
683_g	48	93	124	64	11	0
684_g	2	0	125	3	1	0
685_g	7	6	203	7	7	0
686_g	35	36	92	188	71	0
687_g	3	0	70	2	1	0
688_g	805	123	5576	1788	470	0
689_g	1013	835	98	645	745	0
68_g	1	0	62	1	2	0
690_g	3	0	77	3	6	0
691_g	3	0	75	5	10	0
692_g	0	0	2	0	0	0
693_g	10	2	14	5	0	0
694_g	2	0	34	0	3	0
695_g	257	176	75	65	66	0
696_g	220	105	215	68	70	0
697_g	8	3	138	10	5	0
698_g	92	86	111	27	46	0
699_g	0	0	80	1	5	0
69_g	1	0	20	1	2	0
6_g	0	0	37	2	1	0
700_g	1	0	105	0	3	0
701_g	0	0	59	1	1	0
702_g	2	0	41	0	2	0
703_g	1	0	158	1	3	0
704_g	0	0	30	0	0	0
705_g	7	0	136	6	2	0
706_g	3	0	51	11	6	0
707_g	2	0	122	2	1	0
708_g	2044	2824	369	1159	1386	0
709_g	12	9	65	45	35	0
70_g	1	0	51	0	1	0
710_g	21	2	24	2	3	0
711_g	138	114	195	202	215	0
712_g	2	0	81	2	3	0
713_g	0	0	0	0	0	0
714_g	0	0	0	0	0	0
715_g	0	0	13	0	1	0
716_g	0	0	14	0	1	0
717_g	2	0	33	0	0	0
718_g	0	0	14	3	1	0
719_g	1	0	6	3	0	0
71_g	2	0	147	2	6	0
720_g	1	0	26	0	0	0
721_g	0	0	0	0	0	0
722_g	1	0	58	3	1	0
723_g	17	25	46	8	4	0
724_g	70	98	40	53	39	0
725_g	0	0	0	2	0	0
726_g	1	0	63	3	0	0
727_g	4	0	90	1	1	0
728_g	3	0	123	2	6	0
729_g	2	0	55	3	2	0
72_g	1	0	43	0	1	0
730_g	9	0	214	2	10	0
731_g	3	0	188	3	5	0
732_g	8	0	182	4	4	0
733_g	4	0	124	2	4	0
734_g	1	0	105	1	1	0
735_g	2	0	130	0	1	0
736_g	0	0	39	0	1	0
737_g	1	0	93	0	1	0
738_g	1	0	86	5	2	0
739_g	1	0	58	0	0	0
73_g	0	0	41	1	1	0
740_g	7	0	122	6	1	0
741_g	1	0	38	0	3	0
742_g	6	0	220	9	3	0
743_g	2	0	63	1	2	0
744_g	2	0	30	0	2	0
745_g	1	0	22	0	0	0
746_g	1	0	89	2	2	0
747_g	0	0	29	6	4	0
748_g	3	0	45	2	3	0
749_g	3	9	187	21	5	0
74_g	2	0	79	1	0	0
750_g	16	18	111	404	146	0
751_g	75	158	464	134	112	0
752_g	81	94	184	131	54	0
753_g	154	224	188	149	158	0
754_g	47	25	250	253	115	0
755_g	4	0	79	23	10	0
756_g	26	35	74	120	48	0
757_g	8	9	79	210	108	0
758_g	4	0	48	3644	4082	0
759_g	1	0	64	1	2	0
75_g	3	0	159	2	3	0
760_g	5	0	96	31	288	0
761_g	144259	77	89	4275	30256	0
762_g	10	11	84	91	62	0
763_g	131	145	52	415	486	0
764_g	26	19	105	6	12	0
765_g	43	0	450	50	12	0
766_g	18	2	198	23	11	0
767_g	3	2	6	13	13	0
768_g	1	0	15	0	6	0
769_g	0	0	3	0	0	0
76_g	0	0	68	2	2	0
770_g	0	0	1	0	0	0
771_g	0	0	1	0	0	0
772_g	0	0	1	0	0	0
773_g	420	532	62	288	378	0
774_g	10	0	165	6	6	0
775_g	1	0	33	1	1	0
776_g	6979	6210	80	1891	1957	0
777_g	218	587	65	304	19	0
778_g	2	0	48	1	0	0
779_g	0	0	25	1	2	0
77_g	3	0	106	1	2	0
780_g	6	0	46	0	0	0
781_g	72	32	227	108	45	0
782_g	12	1	183	30	10	0
783_g	82	86	159	83	51	0
784_g	5	0	93	2	1	0
785_g	2	0	167	5	10	0
786_g	357	537	147	5000	4286	0
787_g	3	0	135	4	29	0
788_g	11	0	38	0	3	0
789_g	0	0	2	0	0	0
78_g	1	0	35	2	1	0
790_g	223	325	209	435	518	0
791_g	1360	1686	47	359	512	0
792_g	0	0	53	4	0	0
793_g	2	0	24	1	10	0
794_g	6	1	169	4	5	0
795_g	27	41	65	326	158	0
796_g	204	602	54	236	153	0
797_g	5	0	46	6	0	0
798_g	69	93	214	358	268	0
799_g	2	0	55	2	11	0
79_g	3	23	71	680	242	0
7_g	13	0	285	7	11	0
800_g	3	0	92	5	1	0
801_g	17	30	268	11	5	0
802_g	2	0	19	5	2	0
803_g	16	30	91	31	22	0
804_g	3	0	118	3	5	0
805_g	6	0	191	2	4	0
806_g	2	0	63	0	1	0
807_g	2	0	60	1	1	0
808_g	3	0	88	0	3	0
809_g	10	0	428	8	11	0
80_g	3	0	36	1	1	0
810_g	5	0	279	6	8	0
811_g	8	0	193	7	7	0
812_g	2	0	43	2	1	0
813_g	3	0	64	3	2	0
814_g	0	0	86	1	2	0
815_g	4	0	65	5	1	0
816_g	4	0	77	3	1	0
817_g	3	0	264	5	6	0
818_g	4	0	84	1	0	0
819_g	6	0	145	3	1	0
81_g	990	1490	145	217	180	0
820_g	4	5	106	2	2	0
821_g	2	0	98	1	0	0
822_g	145	105	179	258	155	0
823_g	39	80	59	41	38	0
824_g	7	2	112	31	18	0
825_g	1	0	96	3	3	0
826_g	3	25	57	2	10	0
827_g	2	14	119	298	16	0
828_g	574	719	162	954	846	0
829_g	128	43	108	703	831	0
82_g	3	0	270	7	9	0
830_g	2	0	59	2	2	0
831_g	56	64	166	151	150	0
832_g	314	97	124	84	72	0
833_g	18	4	60	18	27	0
834_g	12	27	251	199	51	0
835_g	1	0	16	0	0	0
836_g	5	0	135	4	1	0
837_g	20	2	21	152	100	0
838_g	2	1	14	18	31	0
839_g	0	0	14	1	12	0
83_g	27	48	142	34	219	0
840_g	4	0	46	1	4	0
841_g	15	67	158	191	387	0
842_g	2	0	74	3	0	0
843_g	117	63	118	280	298	0
844_g	5	4	200	13	4	0
845_g	6	0	167	14	7	0
846_g	202	325	459	1865	2882	0
847_g	532	577	87	1333	1552	0
848_g	49	6	126	21	58	0
849_g	12	2	104	12	8	0
84_g	3	0	37	0	2	0
850_g	1	0	83	1	1	0
851_g	34	3	125	78	86	0
852_g	91	112	313	482	317	0
853_g	460	555	338	529	454	0
854_g	7	6	100	49	31	0
855_g	2	0	84	1	4	0
856_g	2	0	62	1	0	0
857_g	0	0	28	0	0	0
858_g	1	0	32	0	1	0
859_g	0	0	1	0	0	0
85_g	0	0	92	4	3	0
860_g	29	10	514	207	83	0
861_g	3	0	88	62	91	0
862_g	1	8	100	163	310	0
863_g	2	0	126	78	116	0
864_g	6	0	104	3	1	0
865_g	1	0	62	1	0	0
866_g	4	0	154	6	3	0
867_g	218	238	550	361	359	0
868_g	10	5	149	10	10	0
869_g	96	75	117	126	116	0
86_g	174	664	28	1413	769	0
870_g	30	35	17	25	12	0
871_g	0	0	8	0	0	0
872_g	15	3	28	59	139	0
873_g	162	194	93	208	152	0
874_g	3	0	26	4	3	0
875_g	6	1	141	9	13	0
876_g	587	656	103	593	1038	0
877_g	0	0	70	26	306	0
878_g	17	5	82	33	26	0
879_g	29	38	198	42	50	0
87_g	3	0	56	0	3	0
880_g	6	0	158	6	4	0
881_g	4	0	146	1	0	0
882_g	0	0	15	1	3	0
883_g	0	0	15	0	1	0
884_g	1	0	43	5	1	0
885_g	0	0	8	0	1	0
886_g	0	0	0	0	0	0
887_g	3	0	28	0	1	0
888_g	4	0	57	1	0	0
889_g	0	0	13	0	1	0
88_g	0	0	0	0	0	0
890_g	0	0	0	0	0	0
891_g	0	0	3	0	2	0
892_g	0	0	17	0	0	0
893_g	5	0	122	2	0	0
894_g	344	210	86	849	1255	0
895_g	3	0	150	4	4	0
896_g	29	42	71	14	16	0
897_g	2	0	116	47	2	0
898_g	873	642	96	2312	2533	0
899_g	44	26	141	40	67	0
89_g	0	0	16	2	1	0
8_g	126	84	107	179	207	0
900_g	2	0	77	0	1	0
901_g	4	0	108	3	8	0
902_g	2	0	35	5	2	0
903_g	2	0	68	3	6	0
904_g	3	0	62	1	1	0
905_g	12	11	260	254	55	0
906_g	0	0	14	0	0	0
907_g	0	0	26	0	7	0
908_g	38	123	30	137	266	0
909_g	8	0	433	6	6	0
90_g	0	0	30	2	0	0
910_g	1	0	22	1	1	0
911_g	3	0	162	2	2	0
912_g	0	0	76	3	3	0
913_g	2	0	45	1	2	0
914_g	4	0	58	2	3	0
915_g	3	0	56	1	3	0
916_g	5	0	116	35	4	0
917_g	0	0	78	1	0	0
918_g	0	0	18	1	1	0
919_g	3	4	9	4	4	0
91_g	0	0	10	0	0	0
920_g	4	0	76	6	5	0
921_g	0	0	2	0	0	0
922_g	2	0	108	2	6	0
923_g	445	221	181	835	784	0
924_g	8	23	95	385	418	0
925_g	0	0	55	39	8	0
926_g	1	0	87	0	1	0
927_g	2	0	78	0	1	0
928_g	37	43	48	269	212	0
929_g	0	0	1	7	1	0
92_g	3	0	64	2	12	0
930_g	1	0	127	13	3	0
931_g	0	0	20	1	0	0
932_g	3	0	145	1	5	0
933_g	103	150	215	224	191	0
934_g	0	0	58	3	8	0
935_g	19	65	218	2093	856	0
936_g	134	105	209	619	674	0
937_g	20	26	75	148	101	0
938_g	3	0	43	2	2	0
939_g	129	121	90	23	24	0
93_g	112	84	89	3	5	0
940_g	10	20	50	15	11	0
941_g	62	136	319	106	121	0
942_g	4	0	58	5	2	0
943_g	10	7	195	39	31	0
944_g	65	42	377	220	171	0
945_g	0	0	10	0	0	0
946_g	3	0	67	0	1	0
947_g	4	0	108	5	3	0
948_g	32	8	109	31	24	0
949_g	31	55	43	7	6	0
94_g	5	1	90	3	0	0
950_g	48	47	228	44	51	3
951_g	32	51	148	24	23	0
952_g	378	536	113	619	669	0
953_g	2	2	99	34	26	0
954_g	84	140	336	131	124	0
955_g	214	161	269	348	375	0
956_g	2290	3001	889	3124	4440	0
957_g	12	1	218	96	104	0
958_g	1	0	43	2	4	0
959_g	5	3	108	27	18	0
95_g	20	8	56	19	61	0
960_g	2	0	28	6	0	0
961_g	1	0	4	7	3	0
962_g	48	14	79	28	9	0
963_g	3	23	80	14	8	0
964_g	2	0	45	3	10	0
965_g	3	0	59	4	3	0
966_g	8	0	81	1	3	0
967_g	0	0	43	3	6	0
968_g	4	0	53	2	2	0
969_g	0	0	8	0	0	0
96_g	2	0	87	4	3	0
970_g	0	0	0	0	0	0
971_g	4	0	19	9	7	0
972_g	0	0	2	0	0	0
973_g	0	0	0	1	1	0
974_g	4	12	2	14	8	0
975_g	4	10	22	12	7	0
976_g	12	36	137	148	368	0
977_g	2	11	110	88	10	0
978_g	6	0	292	21	26	0
979_g	2	0	55	1	1	0
97_g	9	9	163	42	44	0
980_g	55	17	96	14	10	0
981_g	2	0	94	3	65	0
982_g	1	1	112	85	9	0
983_g	179	46	2235	988	243	0
984_g	3	0	66	9	3	0
985_g	107	119	123	189	153	0
986_g	10	9	282	7	46	0
987_g	3	0	56	32	11	0
988_g	694	628	407	787	1294	0
989_g	24	19	123	62	51	0
98_g	19	2	211	62	97	0
990_g	6	0	64	18	20	0
991_g	37	34	314	51	48	0
992_g	89	81	139	177	123	0
993_g	49	30	163	46	47	0
994_g	2	0	87	2	0	0
995_g	102	53	166	186	196	0
996_g	0	0	3	4	5	0
997_g	5	8	119	28	18	0
998_g	0	0	68	0	2	0
999_g	50669	47	88	2801	5667	0
99_g	334	455	168	377	362	0
9_g	5	23	53	0	5	0
__no_feature	8134133	369289	2369548	1603247	1038519	16
__ambiguous	2757	1105	13843	7621	2010	0
__too_low_aQual	153	5	1122	48	33	0
__not_aligned	91921	13287	1604070	125044	35785	4674490
__alignment_not_unique	340068	34282	251228	87627	74547	360
